Agosto
0 [ , 0, 0, 0, 0, 0, 43, 210, 412, 610, 783, 913, 991, 1010, 974, 876, 730, 549, 347, 153, 13, 0, 0, 0, 0]  energia max 1010 alle ore 12
1 [ , 0, 0, 0, 0, 0, 20, 194, 229, 582, 752, 880, 959, 981, 946, 851, 707, 439, 242, 138, 8, 0, 0, 0, 0]  energia max 981 alle ore 12
2 [ , 0, 0, 0, 0, 0, 34, 196, 399, 296, 407, 494, 996, 1016, 975, 876, 654, 538, 333, 138, 0, 0, 0, 0, 0]  energia max 1016 alle ore 12
3 [ , 0, 0, 0, 0, 0, 32, 143, 330, 501, 768, 904, 984, 1004, 955, 854, 707, 523, 324, 132, 0, 0, 0, 0, 0]  energia max 1004 alle ore 12
4 [ , 0, 0, 0, 0, 0, 29, 191, 395, 593, 767, 895, 970, 988, 937, 834, 447, 50, 16, 7, 0, 0, 0, 0, 0]  energia max 988 alle ore 12
5 [ , 0, 0, 0, 0, 0, 23, 179, 379, 580, 753, 889, 969, 630, 935, 835, 687, 502, 300, 110, 0, 0, 0, 0, 0]  energia max 969 alle ore 11
6 [ , 0, 0, 0, 0, 0, 24, 187, 394, 599, 776, 903, 982, 1001, 955, 850, 697, 507, 301, 63, 0, 0, 0, 0, 0]  energia max 1001 alle ore 12
7 [ , 0, 0, 0, 0, 0, 20, 181, 391, 598, 776, 899, 829, 861, 946, 840, 686, 298, 15, 6, 0, 0, 0, 0, 0]  energia max 946 alle ore 13
8 [ , 0, 0, 0, 0, 0, 6, 71, 80, 292, 470, 913, 869, 1013, 975, 872, 716, 522, 310, 107, 0, 0, 0, 0, 0]  energia max 1013 alle ore 12
9 [ , 0, 0, 0, 0, 0, 13, 171, 379, 586, 767, 905, 984, 1000, 953, 848, 691, 498, 289, 93, 0, 0, 0, 0, 0]  energia max 1000 alle ore 12
10 [ , 0, 0, 0, 0, 0, 7, 150, 352, 554, 731, 870, 952, 971, 924, 818, 663, 472, 267, 79, 0, 0, 0, 0, 0]  energia max 971 alle ore 12
11 [ , 0, 0, 0, 0, 0, 0, 153, 359, 561, 737, 870, 949, 965, 916, 812, 659, 469, 264, 75, 0, 0, 0, 0, 0]  energia max 965 alle ore 12
12 [ , 0, 0, 0, 0, 0, 0, 139, 339, 539, 712, 847, 921, 936, 880, 776, 485, 227, 144, 34, 0, 0, 0, 0, 0]  energia max 936 alle ore 12
13 [ , 0, 0, 0, 0, 0, 0, 7, 77, 117, 72, 79, 914, 932, 892, 130, 625, 53, 120, 30, 0, 0, 0, 0, 0]  energia max 932 alle ore 12
14 [ , 0, 0, 0, 0, 0, 0, 150, 369, 587, 775, 915, 997, 1010, 958, 847, 680, 477, 256, 57, 0, 0, 0, 0, 0]  energia max 1010 alle ore 12
15 [ , 0, 0, 0, 0, 0, 0, 129, 338, 544, 723, 857, 774, 945, 889, 631, 503, 422, 216, 39, 0, 0, 0, 0, 0]  energia max 945 alle ore 12
16 [ , 0, 0, 0, 0, 0, 0, 66, 209, 356, 483, 632, 785, 627, 445, 51, 83, 248, 89, 13, 0, 0, 0, 0, 0]  energia max 785 alle ore 11
17 [ , 0, 0, 0, 0, 0, 0, 11, 13, 121, 64, 78, 71, 72, 80, 469, 552, 410, 197, 24, 0, 0, 0, 0, 0]  energia max 552 alle ore 15
18 [ , 0, 0, 0, 0, 0, 0, 112, 320, 530, 713, 850, 928, 940, 889, 774, 609, 407, 194, 23, 0, 0, 0, 0, 0]  energia max 940 alle ore 12
19 [ , 0, 0, 0, 0, 0, 0, 102, 307, 516, 697, 832, 908, 918, 855, 740, 575, 374, 114, 14, 0, 0, 0, 0, 0]  energia max 918 alle ore 12
20 [ , 0, 0, 0, 0, 0, 0, 88, 284, 491, 673, 822, 898, 908, 854, 740, 575, 375, 168, 11, 0, 0, 0, 0, 0]  energia max 908 alle ore 12
21 [ , 0, 0, 0, 0, 0, 0, 55, 288, 494, 550, 802, 878, 888, 829, 715, 550, 353, 151, 0, 0, 0, 0, 0, 0]  energia max 888 alle ore 12
22 [ , 0, 0, 0, 0, 0, 0, 74, 266, 467, 641, 768, 843, 854, 801, 688, 476, 294, 56, 0, 0, 0, 0, 0, 0]  energia max 854 alle ore 12
23 [ , 0, 0, 0, 0, 0, 0, 66, 254, 453, 630, 731, 806, 817, 766, 654, 495, 305, 114, 0, 0, 0, 0, 0, 0]  energia max 817 alle ore 12
24 [ , 0, 0, 0, 0, 0, 0, 61, 251, 451, 625, 750, 822, 829, 680, 554, 381, 225, 73, 0, 0, 0, 0, 0, 0]  energia max 829 alle ore 12
25 [ , 0, 0, 0, 0, 0, 0, 4, 18, 35, 421, 518, 448, 588, 764, 649, 485, 14, 9, 0, 0, 0, 0, 0, 0]  energia max 764 alle ore 13
26 [ , 0, 0, 0, 0, 0, 0, 54, 242, 444, 622, 743, 819, 829, 771, 653, 489, 292, 96, 0, 0, 0, 0, 0, 0]  energia max 829 alle ore 12
27 [ , 0, 0, 0, 0, 0, 0, 32, 230, 263, 409, 575, 602, 654, 623, 453, 366, 211, 64, 0, 0, 0, 0, 0, 0]  energia max 654 alle ore 12
28 [ , 0, 0, 0, 0, 0, 0, 22, 233, 456, 397, 503, 864, 567, 578, 682, 503, 292, 85, 0, 0, 0, 0, 0, 0]  energia max 864 alle ore 11
29 [ , 0, 0, 0, 0, 0, 0, 49, 258, 481, 675, 815, 892, 899, 829, 698, 514, 296, 80, 0, 0, 0, 0, 0, 0]  energia max 899 alle ore 12
 picco massimo energia  dell'anno 1016 nel giorno 0 alle ore 12 
 picco minimo di energia  dell'anno 552 nel giorno 17 alle ore 15 
 energia giornaleira massima dell'anno 8614 nel giorno 0 
 energia giornaliera minima dell'anno 2162 nel giorno 17 
 Media del mese 6591.5
