Aprile
0 [ , 0, 0, 0, 0, 0, 0, 40, 162, 544, 751, 906, 1000, 1022, 969, 849, 674, 452, 214, 20, 0, 0, 0, 0, 0]  energia max 1022 alle ore 12
1 [ , 0, 0, 0, 0, 0, 0, 7, 163, 110, 468, 595, 471, 386, 635, 523, 89, 321, 55, 7, 0, 0, 0, 0, 0]  energia max 635 alle ore 13
2 [ , 0, 0, 0, 0, 0, 0, 7, 22, 44, 65, 372, 390, 327, 529, 789, 620, 415, 195, 21, 0, 0, 0, 0, 0]  energia max 789 alle ore 14
3 [ , 0, 0, 0, 0, 0, 0, 106, 331, 561, 763, 907, 996, 1013, 960, 836, 662, 446, 214, 28, 0, 0, 0, 0, 0]  energia max 1013 alle ore 12
4 [ , 0, 0, 0, 0, 0, 0, 7, 16, 36, 253, 623, 611, 112, 62, 76, 440, 51, 41, 7, 0, 0, 0, 0, 0]  energia max 623 alle ore 10
5 [ , 0, 0, 0, 0, 0, 0, 7, 17, 26, 145, 420, 504, 368, 644, 148, 40, 22, 13, 6, 0, 0, 0, 0, 0]  energia max 644 alle ore 13
6 [ , 0, 0, 0, 0, 0, 0, 144, 377, 611, 813, 963, 1047, 1061, 1003, 881, 548, 481, 248, 31, 0, 0, 0, 0, 0]  energia max 1061 alle ore 12
7 [ , 0, 0, 0, 0, 0, 0, 41, 312, 462, 432, 432, 435, 379, 332, 345, 387, 355, 147, 5, 0, 0, 0, 0, 0]  energia max 462 alle ore 8
8 [ , 0, 0, 0, 0, 0, 0, 11, 30, 105, 203, 907, 988, 1001, 947, 828, 657, 449, 229, 43, 0, 0, 0, 0, 0]  energia max 1001 alle ore 12
9 [ , 0, 0, 0, 0, 0, 0, 168, 395, 618, 810, 953, 1035, 1052, 994, 875, 704, 495, 268, 64, 0, 0, 0, 0, 0]  energia max 1052 alle ore 12
10 [ , 0, 0, 0, 0, 0, 13, 182, 411, 634, 826, 964, 1046, 1060, 1002, 883, 714, 504, 279, 73, 0, 0, 0, 0, 0]  energia max 1060 alle ore 12
11 [ , 0, 0, 0, 0, 0, 16, 13, 38, 167, 692, 762, 846, 868, 861, 742, 594, 325, 255, 64, 0, 0, 0, 0, 0]  energia max 868 alle ore 12
12 [ , 0, 0, 0, 0, 0, 17, 186, 410, 630, 818, 950, 1031, 1046, 993, 877, 709, 503, 281, 80, 0, 0, 0, 0, 0]  energia max 1046 alle ore 12
13 [ , 0, 0, 0, 0, 0, 24, 15, 35, 468, 519, 717, 1059, 1072, 1016, 898, 726, 520, 295, 89, 0, 0, 0, 0, 0]  energia max 1072 alle ore 12
14 [ , 0, 0, 0, 0, 0, 13, 199, 200, 82, 148, 123, 210, 641, 375, 545, 419, 499, 12, 49, 0, 0, 0, 0, 0]  energia max 641 alle ore 12
15 [ , 0, 0, 0, 0, 0, 5, 12, 23, 226, 464, 106, 249, 491, 537, 290, 356, 93, 21, 7, 0, 0, 0, 0, 0]  energia max 537 alle ore 13
16 [ , 0, 0, 0, 0, 0, 6, 12, 23, 41, 83, 69, 340, 618, 198, 335, 527, 300, 16, 8, 0, 0, 0, 0, 0]  energia max 618 alle ore 12
17 [ , 0, 0, 0, 0, 0, 20, 94, 87, 59, 447, 550, 99, 409, 477, 474, 705, 501, 287, 94, 0, 0, 0, 0, 0]  energia max 705 alle ore 15
18 [ , 0, 0, 0, 0, 0, 21, 234, 202, 546, 841, 967, 1042, 1053, 998, 883, 720, 470, 253, 106, 0, 0, 0, 0, 0]  energia max 1053 alle ore 12
19 [ , 0, 0, 0, 0, 0, 25, 105, 287, 256, 321, 796, 859, 902, 820, 565, 348, 143, 16, 18, 0, 0, 0, 0, 0]  energia max 902 alle ore 12
20 [ , 0, 0, 0, 0, 0, 65, 137, 468, 679, 857, 985, 1057, 1063, 1019, 903, 497, 382, 17, 8, 0, 0, 0, 0, 0]  energia max 1063 alle ore 12
21 [ , 0, 0, 0, 0, 0, 75, 272, 494, 708, 630, 1021, 1092, 1102, 774, 930, 764, 559, 278, 112, 0, 0, 0, 0, 0]  energia max 1102 alle ore 12
22 [ , 0, 0, 0, 0, 0, 41, 12, 247, 391, 685, 726, 902, 971, 914, 783, 214, 471, 305, 64, 0, 0, 0, 0, 0]  energia max 971 alle ore 12
23 [ , 0, 0, 0, 0, 0, 86, 183, 400, 556, 332, 370, 115, 889, 1054, 941, 612, 446, 17, 8, 0, 0, 0, 0, 0]  energia max 1054 alle ore 13
24 [ , 0, 0, 0, 0, 0, 93, 291, 513, 723, 903, 1037, 1111, 1124, 772, 671, 787, 586, 368, 157, 12, 0, 0, 0, 0]  energia max 1124 alle ore 12
25 [ , 0, 0, 0, 0, 0, 88, 280, 496, 705, 882, 1016, 1089, 1100, 1042, 929, 680, 451, 176, 75, 9, 0, 0, 0, 0]  energia max 1100 alle ore 12
26 [ , 0, 0, 0, 0, 0, 6, 12, 23, 238, 616, 775, 778, 274, 751, 636, 731, 488, 330, 134, 6, 0, 0, 0, 0]  energia max 778 alle ore 11
27 [ , 0, 0, 0, 0, 0, 99, 293, 506, 711, 883, 1005, 1079, 1090, 1037, 927, 769, 576, 365, 164, 18, 0, 0, 0, 0]  energia max 1090 alle ore 12
28 [ , 0, 0, 0, 0, 0, 34, 187, 368, 588, 672, 843, 1036, 1047, 1009, 901, 642, 301, 197, 108, 14, 0, 0, 0, 0]  energia max 1047 alle ore 12
29 [ , 0, 0, 0, 0, 0, 8, 23, 53, 418, 395, 245, 881, 920, 766, 921, 721, 519, 301, 9, 3, 0, 0, 0, 0]  energia max 921 alle ore 14
 picco massimo energia  dell'anno 1124 nel giorno 27 alle ore 12 
 picco minimo di energia  dell'anno 462 nel giorno 4 alle ore 8 
 energia giornaleira massima dell'anno 9522 nel giorno 27 
 energia giornaliera minima dell'anno 2335 nel giorno 4 
 Media del mese 6334.53
