Febbraio
0 [ , 0, 0, 0, 0, 0, 0, 0, 0, 125, 22, 34, 43, 105, 148, 33, 20, 7, 0, 0, 0, 0, 0, 0, 0]  energia max 148 alle ore 13
1 [ , 0, 0, 0, 0, 0, 0, 0, 0, 11, 24, 57, 105, 122, 118, 102, 71, 31, 0, 0, 0, 0, 0, 0, 0]  energia max 122 alle ore 12
2 [ , 0, 0, 0, 0, 0, 0, 0, 0, 128, 287, 350, 252, 183, 148, 119, 79, 31, 0, 0, 0, 0, 0, 0, 0]  energia max 350 alle ore 10
3 [ , 0, 0, 0, 0, 0, 0, 0, 0, 37, 65, 76, 77, 72, 61, 46, 28, 13, 0, 0, 0, 0, 0, 0, 0]  energia max 77 alle ore 11
4 [ , 0, 0, 0, 0, 0, 0, 0, 0, 10, 24, 38, 49, 51, 48, 38, 24, 10, 0, 0, 0, 0, 0, 0, 0]  energia max 51 alle ore 12
5 [ , 0, 0, 0, 0, 0, 0, 0, 0, 163, 27, 170, 315, 415, 620, 167, 357, 162, 0, 0, 0, 0, 0, 0, 0]  energia max 620 alle ore 13
6 [ , 0, 0, 0, 0, 0, 0, 0, 7, 13, 15, 23, 53, 57, 68, 23, 27, 11, 0, 0, 0, 0, 0, 0, 0]  energia max 68 alle ore 13
7 [ , 0, 0, 0, 0, 0, 0, 0, 23, 207, 412, 575, 681, 716, 412, 248, 400, 198, 18, 0, 0, 0, 0, 0, 0]  energia max 716 alle ore 12
8 [ , 0, 0, 0, 0, 0, 0, 0, 5, 13, 153, 389, 287, 367, 275, 164, 97, 112, 13, 0, 0, 0, 0, 0, 0]  energia max 389 alle ore 10
9 [ , 0, 0, 0, 0, 0, 0, 0, 3, 14, 31, 46, 57, 60, 55, 45, 29, 14, 2, 0, 0, 0, 0, 0, 0]  energia max 60 alle ore 12
10 [ , 0, 0, 0, 0, 0, 0, 0, 3, 15, 32, 50, 59, 277, 59, 48, 31, 15, 3, 0, 0, 0, 0, 0, 0]  energia max 277 alle ore 12
11 [ , 0, 0, 0, 0, 0, 0, 0, 5, 11, 21, 27, 72, 38, 60, 58, 32, 10, 5, 0, 0, 0, 0, 0, 0]  energia max 72 alle ore 11
12 [ , 0, 0, 0, 0, 0, 0, 0, 6, 13, 19, 50, 75, 752, 506, 604, 435, 231, 20, 0, 0, 0, 0, 0, 0]  energia max 752 alle ore 12
13 [ , 0, 0, 0, 0, 0, 0, 0, 80, 310, 535, 715, 825, 851, 800, 436, 259, 57, 52, 0, 0, 0, 0, 0, 0]  energia max 851 alle ore 12
14 [ , 0, 0, 0, 0, 0, 0, 0, 84, 307, 525, 685, 587, 473, 410, 342, 252, 39, 8, 0, 0, 0, 0, 0, 0]  energia max 685 alle ore 10
15 [ , 0, 0, 0, 0, 0, 0, 0, 14, 29, 86, 59, 133, 148, 127, 107, 72, 38, 11, 0, 0, 0, 0, 0, 0]  energia max 148 alle ore 12
16 [ , 0, 0, 0, 0, 0, 0, 0, 14, 42, 79, 162, 210, 223, 133, 208, 73, 68, 25, 0, 0, 0, 0, 0, 0]  energia max 223 alle ore 12
17 [ , 0, 0, 0, 0, 0, 0, 0, 18, 43, 111, 35, 70, 137, 238, 116, 268, 280, 41, 0, 0, 0, 0, 0, 0]  energia max 280 alle ore 16
18 [ , 0, 0, 0, 0, 0, 0, 0, 138, 369, 583, 744, 840, 866, 817, 699, 523, 312, 96, 0, 0, 0, 0, 0, 0]  energia max 866 alle ore 12
19 [ , 0, 0, 0, 0, 0, 0, 0, 7, 14, 58, 93, 245, 88, 97, 56, 40, 22, 97, 0, 0, 0, 0, 0, 0]  energia max 245 alle ore 11
20 [ , 0, 0, 0, 0, 0, 0, 0, 70, 17, 175, 348, 249, 250, 714, 547, 197, 215, 35, 0, 0, 0, 0, 0, 0]  energia max 714 alle ore 13
21 [ , 0, 0, 0, 0, 0, 0, 0, 169, 147, 255, 463, 864, 893, 844, 727, 554, 342, 120, 0, 0, 0, 0, 0, 0]  energia max 893 alle ore 12
22 [ , 0, 0, 0, 0, 0, 0, 0, 166, 30, 51, 328, 875, 906, 862, 745, 396, 257, 75, 0, 0, 0, 0, 0, 0]  energia max 906 alle ore 12
23 [ , 0, 0, 0, 0, 0, 0, 1, 10, 38, 308, 69, 82, 64, 57, 46, 29, 56, 28, 0, 0, 0, 0, 0, 0]  energia max 308 alle ore 9
24 [ , 0, 0, 0, 0, 0, 0, 7, 208, 234, 446, 508, 474, 634, 542, 103, 138, 93, 32, 0, 0, 0, 0, 0, 0]  energia max 634 alle ore 12
25 [ , 0, 0, 0, 0, 0, 0, 33, 253, 504, 727, 889, 991, 1018, 958, 827, 641, 408, 167, 0, 0, 0, 0, 0, 0]  energia max 1018 alle ore 12
26 [ , 0, 0, 0, 0, 0, 0, 19, 214, 439, 641, 810, 906, 736, 559, 684, 494, 243, 84, 0, 0, 0, 0, 0, 0]  energia max 906 alle ore 11
27 [ , 0, 0, 0, 0, 0, 0, 38, 238, 464, 668, 824, 915, 935, 887, 769, 593, 379, 156, 0, 0, 0, 0, 0, 0]  energia max 935 alle ore 12
28 [ , 0, 0, 0, 0, 0, 0, 48, 252, 285, 509, 604, 934, 959, 892, 595, 503, 28, 91, 0, 0, 0, 0, 0, 0]  energia max 959 alle ore 12
29 [ , 0, 0, 0, 0, 0, 0, 63, 276, 504, 706, 865, 648, 636, 678, 304, 215, 47, 22, 11, 0, 0, 0, 0, 0]  energia max 865 alle ore 10
 picco massimo energia  dell'anno 1018 nel giorno 25 alle ore 12 
 picco minimo di energia  dell'anno 51 nel giorno 4 alle ore 12 
 energia giornaleira massima dell'anno 7416 nel giorno 25 
 energia giornaliera minima dell'anno 292 nel giorno 4 
 Media del mese 2757.03
