Gennaio
0 [ , 0, 0, 0, 0, 0, 0, 0, 0, 5, 9, 14, 31, 18, 19, 13, 11, 2, 0, 0, 0, 0, 0, 0, 0]  energia max 31 alle ore 11
1 [ , 0, 0, 0, 0, 0, 0, 0, 0, 73, 232, 244, 268, 159, 238, 14, 9, 3, 0, 0, 0, 0, 0, 0, 0]  energia max 268 alle ore 11
2 [ , 0, 0, 0, 0, 0, 0, 0, 0, 70, 68, 235, 270, 317, 287, 21, 11, 25, 0, 0, 0, 0, 0, 0, 0]  energia max 317 alle ore 12
3 [ , 0, 0, 0, 0, 0, 0, 0, 0, 6, 10, 14, 17, 34, 40, 15, 10, 3, 0, 0, 0, 0, 0, 0, 0]  energia max 40 alle ore 13
4 [ , 0, 0, 0, 0, 0, 0, 0, 0, 26, 10, 13, 32, 18, 196, 15, 76, 16, 0, 0, 0, 0, 0, 0, 0]  energia max 196 alle ore 13
5 [ , 0, 0, 0, 0, 0, 0, 0, 0, 5, 15, 25, 33, 37, 37, 135, 42, 3, 0, 0, 0, 0, 0, 0, 0]  energia max 135 alle ore 14
6 [ , 0, 0, 0, 0, 0, 0, 0, 0, 6, 15, 27, 34, 201, 144, 84, 199, 16, 0, 0, 0, 0, 0, 0, 0]  energia max 201 alle ore 12
7 [ , 0, 0, 0, 0, 0, 0, 0, 0, 6, 17, 28, 36, 172, 249, 58, 22, 6, 0, 0, 0, 0, 0, 0, 0]  energia max 249 alle ore 13
8 [ , 0, 0, 0, 0, 0, 0, 0, 0, 6, 18, 151, 519, 540, 501, 402, 243, 65, 0, 0, 0, 0, 0, 0, 0]  energia max 540 alle ore 12
9 [ , 0, 0, 0, 0, 0, 0, 0, 0, 45, 264, 231, 312, 530, 300, 188, 238, 67, 0, 0, 0, 0, 0, 0, 0]  energia max 530 alle ore 12
10 [ , 0, 0, 0, 0, 0, 0, 0, 0, 98, 279, 428, 526, 553, 511, 407, 253, 77, 0, 0, 0, 0, 0, 0, 0]  energia max 553 alle ore 12
11 [ , 0, 0, 0, 0, 0, 0, 0, 0, 103, 282, 430, 524, 552, 513, 296, 111, 39, 0, 0, 0, 0, 0, 0, 0]  energia max 552 alle ore 12
12 [ , 0, 0, 0, 0, 0, 0, 0, 0, 101, 275, 162, 231, 185, 110, 65, 16, 7, 0, 0, 0, 0, 0, 0, 0]  energia max 275 alle ore 9
13 [ , 0, 0, 0, 0, 0, 0, 0, 0, 9, 18, 23, 50, 67, 49, 66, 17, 90, 0, 0, 0, 0, 0, 0, 0]  energia max 90 alle ore 16
14 [ , 0, 0, 0, 0, 0, 0, 0, 0, 117, 20, 32, 78, 116, 76, 34, 279, 102, 0, 0, 0, 0, 0, 0, 0]  energia max 279 alle ore 15
15 [ , 0, 0, 0, 0, 0, 0, 0, 0, 125, 22, 34, 43, 105, 148, 33, 20, 7, 0, 0, 0, 0, 0, 0, 0]  energia max 148 alle ore 13
16 [ , 0, 0, 0, 0, 0, 0, 0, 0, 11, 24, 57, 105, 122, 118, 102, 71, 31, 0, 0, 0, 0, 0, 0, 0]  energia max 122 alle ore 12
17 [ , 0, 0, 0, 0, 0, 0, 0, 0, 128, 287, 350, 252, 183, 148, 119, 79, 31, 0, 0, 0, 0, 0, 0, 0]  energia max 350 alle ore 10
18 [ , 0, 0, 0, 0, 0, 0, 0, 0, 37, 65, 76, 77, 72, 61, 46, 28, 13, 0, 0, 0, 0, 0, 0, 0]  energia max 77 alle ore 11
19 [ , 0, 0, 0, 0, 0, 0, 0, 0, 10, 24, 38, 49, 51, 48, 38, 24, 10, 0, 0, 0, 0, 0, 0, 0]  energia max 51 alle ore 12
20 [ , 0, 0, 0, 0, 0, 0, 0, 0, 163, 27, 170, 315, 415, 620, 167, 357, 162, 0, 0, 0, 0, 0, 0, 0]  energia max 620 alle ore 13
21 [ , 0, 0, 0, 0, 0, 0, 0, 7, 13, 15, 23, 53, 57, 68, 23, 27, 11, 0, 0, 0, 0, 0, 0, 0]  energia max 68 alle ore 13
22 [ , 0, 0, 0, 0, 0, 0, 0, 23, 207, 412, 575, 681, 716, 412, 248, 400, 198, 18, 0, 0, 0, 0, 0, 0]  energia max 716 alle ore 12
23 [ , 0, 0, 0, 0, 0, 0, 0, 5, 13, 153, 389, 287, 367, 275, 164, 97, 112, 13, 0, 0, 0, 0, 0, 0]  energia max 389 alle ore 10
24 [ , 0, 0, 0, 0, 0, 0, 0, 3, 14, 31, 46, 57, 60, 55, 45, 29, 14, 2, 0, 0, 0, 0, 0, 0]  energia max 60 alle ore 12
25 [ , 0, 0, 0, 0, 0, 0, 0, 3, 15, 32, 50, 59, 277, 59, 48, 31, 15, 3, 0, 0, 0, 0, 0, 0]  energia max 277 alle ore 12
26 [ , 0, 0, 0, 0, 0, 0, 0, 5, 11, 21, 27, 72, 38, 60, 58, 32, 10, 5, 0, 0, 0, 0, 0, 0]  energia max 72 alle ore 11
27 [ , 0, 0, 0, 0, 0, 0, 0, 6, 13, 19, 50, 75, 752, 506, 604, 435, 231, 20, 0, 0, 0, 0, 0, 0]  energia max 752 alle ore 12
28 [ , 0, 0, 0, 0, 0, 0, 0, 80, 310, 535, 715, 825, 851, 800, 436, 259, 57, 52, 0, 0, 0, 0, 0, 0]  energia max 851 alle ore 12
29 [ , 0, 0, 0, 0, 0, 0, 0, 84, 307, 525, 685, 587, 473, 410, 342, 252, 39, 8, 0, 0, 0, 0, 0, 0]  energia max 685 alle ore 10
 picco massimo energia  dell'anno 851 nel giorno 28 alle ore 12 
 picco minimo di energia  dell'anno 31 nel giorno 0 alle ore 11 
 energia giornaleira massima dell'anno 4920 nel giorno 28 
 energia giornaliera minima dell'anno 122 nel giorno 0 
 Media del mese 1415.87
