Giugno
0 [ , 0, 0, 0, 0, 0, 101, 23, 497, 562, 868, 994, 1066, 1078, 1011, 772, 508, 34, 19, 9, 15, 0, 0, 0, 0]  energia max 1078 alle ore 12
1 [ , 0, 0, 0, 0, 0, 117, 316, 531, 735, 909, 1037, 1109, 1121, 1061, 952, 793, 598, 385, 181, 26, 0, 0, 0, 0]  energia max 1121 alle ore 12
2 [ , 0, 0, 0, 0, 0, 80, 233, 410, 561, 679, 90, 100, 174, 800, 802, 615, 36, 47, 14, 6, 0, 0, 0, 0]  energia max 802 alle ore 14
3 [ , 0, 0, 0, 0, 0, 112, 120, 349, 548, 728, 782, 872, 890, 894, 766, 615, 339, 360, 118, 20, 0, 0, 0, 0]  energia max 894 alle ore 13
4 [ , 0, 0, 0, 0, 0, 7, 14, 55, 322, 347, 436, 342, 456, 277, 718, 664, 604, 396, 192, 34, 0, 0, 0, 0]  energia max 718 alle ore 14
5 [ , 0, 0, 0, 0, 0, 122, 317, 529, 728, 895, 1024, 955, 1103, 1049, 939, 782, 588, 323, 162, 31, 0, 0, 0, 0]  energia max 1103 alle ore 12
6 [ , 0, 0, 0, 0, 0, 8, 23, 495, 698, 873, 1000, 1075, 1090, 754, 931, 574, 453, 20, 10, 4, 0, 0, 0, 0]  energia max 1090 alle ore 12
7 [ , 0, 0, 0, 0, 0, 8, 13, 45, 40, 455, 895, 903, 758, 800, 980, 822, 630, 418, 210, 44, 0, 0, 0, 0]  energia max 980 alle ore 14
8 [ , 0, 0, 0, 0, 0, 118, 310, 521, 723, 897, 1035, 1110, 1123, 1080, 975, 821, 632, 422, 214, 47, 0, 0, 0, 0]  energia max 1123 alle ore 12
9 [ , 0, 0, 0, 0, 0, 9, 15, 46, 65, 101, 774, 856, 589, 545, 771, 805, 619, 343, 211, 36, 0, 0, 0, 0]  energia max 856 alle ore 11
10 [ , 0, 0, 0, 0, 0, 116, 306, 512, 710, 877, 1009, 1085, 1101, 1053, 953, 804, 618, 413, 211, 47, 0, 0, 0, 0]  energia max 1101 alle ore 12
11 [ , 0, 0, 0, 0, 0, 7, 15, 28, 504, 651, 300, 662, 704, 688, 698, 568, 633, 219, 211, 45, 0, 0, 0, 0]  energia max 704 alle ore 12
12 [ , 0, 0, 0, 0, 0, 116, 311, 366, 558, 904, 1029, 900, 926, 856, 845, 645, 451, 261, 183, 29, 0, 0, 0, 0]  energia max 1029 alle ore 10
13 [ , 0, 0, 0, 0, 0, 62, 322, 540, 504, 929, 714, 797, 1160, 1116, 1011, 855, 661, 445, 230, 20, 0, 0, 0, 0]  energia max 1160 alle ore 12
14 [ , 0, 0, 0, 0, 0, 119, 316, 531, 734, 910, 1040, 1113, 1130, 729, 95, 164, 440, 69, 15, 4, 0, 0, 0, 0]  energia max 1130 alle ore 12
15 [ , 0, 0, 0, 0, 0, 105, 293, 500, 699, 869, 1005, 1079, 1093, 1049, 949, 801, 616, 414, 214, 49, 0, 0, 0, 0]  energia max 1093 alle ore 12
16 [ , 0, 0, 0, 0, 0, 92, 273, 479, 677, 847, 965, 898, 1052, 1014, 917, 773, 591, 391, 196, 41, 0, 0, 0, 0]  energia max 1052 alle ore 12
17 [ , 0, 0, 0, 0, 0, 50, 12, 380, 575, 827, 957, 1034, 1055, 1036, 938, 792, 610, 409, 209, 45, 0, 0, 0, 0]  energia max 1055 alle ore 12
18 [ , 0, 0, 0, 0, 0, 93, 276, 485, 685, 858, 999, 1079, 1101, 737, 954, 56, 167, 304, 139, 15, 0, 0, 0, 0]  energia max 1101 alle ore 12
19 [ , 0, 0, 0, 0, 0, 94, 150, 490, 691, 721, 799, 941, 1085, 1040, 941, 795, 610, 408, 206, 43, 0, 0, 0, 0]  energia max 1085 alle ore 12
20 [ , 0, 0, 0, 0, 0, 53, 266, 474, 673, 693, 964, 753, 887, 782, 796, 760, 430, 330, 74, 14, 0, 0, 0, 0]  energia max 964 alle ore 10
21 [ , 0, 0, 0, 0, 0, 85, 265, 293, 406, 484, 468, 666, 772, 667, 467, 492, 485, 388, 190, 30, 0, 0, 0, 0]  energia max 772 alle ore 12
22 [ , 0, 0, 0, 0, 0, 81, 261, 464, 661, 832, 950, 1026, 1042, 1012, 908, 756, 571, 373, 146, 30, 0, 0, 0, 0]  energia max 1042 alle ore 12
23 [ , 0, 0, 0, 0, 0, 68, 242, 440, 635, 806, 833, 833, 924, 232, 73, 55, 35, 19, 104, 28, 0, 0, 0, 0]  energia max 924 alle ore 12
24 [ , 0, 0, 0, 0, 0, 76, 259, 468, 670, 846, 984, 1063, 1085, 1044, 945, 797, 608, 400, 196, 33, 0, 0, 0, 0]  energia max 1085 alle ore 12
25 [ , 0, 0, 0, 0, 0, 70, 249, 455, 655, 827, 958, 1034, 1049, 995, 896, 746, 565, 100, 63, 4, 0, 0, 0, 0]  energia max 1049 alle ore 12
26 [ , 0, 0, 0, 0, 0, 62, 167, 338, 483, 645, 781, 900, 1065, 904, 678, 434, 326, 164, 26, 13, 0, 0, 0, 0]  energia max 1065 alle ore 12
27 [ , 0, 0, 0, 0, 0, 62, 242, 451, 652, 829, 962, 1039, 1058, 1011, 910, 760, 576, 373, 173, 22, 0, 0, 0, 0]  energia max 1058 alle ore 12
28 [ , 0, 0, 0, 0, 0, 30, 130, 425, 622, 492, 919, 658, 267, 89, 558, 730, 300, 59, 9, 3, 0, 0, 0, 0]  energia max 919 alle ore 10
29 [ , 0, 0, 0, 0, 0, 51, 223, 429, 629, 675, 927, 1006, 1029, 985, 888, 740, 554, 269, 131, 11, 0, 0, 0, 0]  energia max 1029 alle ore 12
 picco massimo energia  dell'anno 1160 nel giorno 8 alle ore 12 
 picco minimo di energia  dell'anno 704 nel giorno 2 alle ore 12 
 energia giornaleira massima dell'anno 10028 nel giorno 8 
 energia giornaliera minima dell'anno 4647 nel giorno 2 
 Media del mese 7906.9
