Luglio
0 [ , 0, 0, 0, 0, 0, 105, 293, 500, 699, 869, 1005, 1079, 1093, 1049, 949, 801, 616, 414, 214, 49, 0, 0, 0, 0]  energia max 1093 alle ore 12
1 [ , 0, 0, 0, 0, 0, 92, 273, 479, 677, 847, 965, 898, 1052, 1014, 917, 773, 591, 391, 196, 41, 0, 0, 0, 0]  energia max 1052 alle ore 12
2 [ , 0, 0, 0, 0, 0, 50, 12, 380, 575, 827, 957, 1034, 1055, 1036, 938, 792, 610, 409, 209, 45, 0, 0, 0, 0]  energia max 1055 alle ore 12
3 [ , 0, 0, 0, 0, 0, 93, 276, 485, 685, 858, 999, 1079, 1101, 737, 954, 56, 167, 304, 139, 15, 0, 0, 0, 0]  energia max 1101 alle ore 12
4 [ , 0, 0, 0, 0, 0, 94, 150, 490, 691, 721, 799, 941, 1085, 1040, 941, 795, 610, 408, 206, 43, 0, 0, 0, 0]  energia max 1085 alle ore 12
5 [ , 0, 0, 0, 0, 0, 53, 266, 474, 673, 693, 964, 753, 887, 782, 796, 760, 430, 330, 74, 14, 0, 0, 0, 0]  energia max 964 alle ore 10
6 [ , 0, 0, 0, 0, 0, 85, 265, 293, 406, 484, 468, 666, 772, 667, 467, 492, 485, 388, 190, 30, 0, 0, 0, 0]  energia max 772 alle ore 12
7 [ , 0, 0, 0, 0, 0, 81, 261, 464, 661, 832, 950, 1026, 1042, 1012, 908, 756, 571, 373, 146, 30, 0, 0, 0, 0]  energia max 1042 alle ore 12
8 [ , 0, 0, 0, 0, 0, 68, 242, 440, 635, 806, 833, 833, 924, 232, 73, 55, 35, 19, 104, 28, 0, 0, 0, 0]  energia max 924 alle ore 12
9 [ , 0, 0, 0, 0, 0, 76, 259, 468, 670, 846, 984, 1063, 1085, 1044, 945, 797, 608, 400, 196, 33, 0, 0, 0, 0]  energia max 1085 alle ore 12
10 [ , 0, 0, 0, 0, 0, 70, 249, 455, 655, 827, 958, 1034, 1049, 995, 896, 746, 565, 100, 63, 4, 0, 0, 0, 0]  energia max 1049 alle ore 12
11 [ , 0, 0, 0, 0, 0, 62, 167, 338, 483, 645, 781, 900, 1065, 904, 678, 434, 326, 164, 26, 13, 0, 0, 0, 0]  energia max 1065 alle ore 12
12 [ , 0, 0, 0, 0, 0, 62, 242, 451, 652, 829, 962, 1039, 1058, 1011, 910, 760, 576, 373, 173, 22, 0, 0, 0, 0]  energia max 1058 alle ore 12
13 [ , 0, 0, 0, 0, 0, 30, 130, 425, 622, 492, 919, 658, 267, 89, 558, 730, 300, 59, 9, 3, 0, 0, 0, 0]  energia max 919 alle ore 10
14 [ , 0, 0, 0, 0, 0, 51, 223, 429, 629, 675, 927, 1006, 1029, 985, 888, 740, 554, 269, 131, 11, 0, 0, 0, 0]  energia max 1029 alle ore 12
15 [ , 0, 0, 0, 0, 0, 43, 210, 412, 610, 783, 913, 991, 1010, 974, 876, 730, 549, 347, 153, 13, 0, 0, 0, 0]  energia max 1010 alle ore 12
16 [ , 0, 0, 0, 0, 0, 20, 194, 229, 582, 752, 880, 959, 981, 946, 851, 707, 439, 242, 138, 8, 0, 0, 0, 0]  energia max 981 alle ore 12
17 [ , 0, 0, 0, 0, 0, 34, 196, 399, 296, 407, 494, 996, 1016, 975, 876, 654, 538, 333, 138, 0, 0, 0, 0, 0]  energia max 1016 alle ore 12
18 [ , 0, 0, 0, 0, 0, 32, 143, 330, 501, 768, 904, 984, 1004, 955, 854, 707, 523, 324, 132, 0, 0, 0, 0, 0]  energia max 1004 alle ore 12
19 [ , 0, 0, 0, 0, 0, 29, 191, 395, 593, 767, 895, 970, 988, 937, 834, 447, 50, 16, 7, 0, 0, 0, 0, 0]  energia max 988 alle ore 12
20 [ , 0, 0, 0, 0, 0, 23, 179, 379, 580, 753, 889, 969, 630, 935, 835, 687, 502, 300, 110, 0, 0, 0, 0, 0]  energia max 969 alle ore 11
21 [ , 0, 0, 0, 0, 0, 24, 187, 394, 599, 776, 903, 982, 1001, 955, 850, 697, 507, 301, 63, 0, 0, 0, 0, 0]  energia max 1001 alle ore 12
22 [ , 0, 0, 0, 0, 0, 20, 181, 391, 598, 776, 899, 829, 861, 946, 840, 686, 298, 15, 6, 0, 0, 0, 0, 0]  energia max 946 alle ore 13
23 [ , 0, 0, 0, 0, 0, 6, 71, 80, 292, 470, 913, 869, 1013, 975, 872, 716, 522, 310, 107, 0, 0, 0, 0, 0]  energia max 1013 alle ore 12
24 [ , 0, 0, 0, 0, 0, 13, 171, 379, 586, 767, 905, 984, 1000, 953, 848, 691, 498, 289, 93, 0, 0, 0, 0, 0]  energia max 1000 alle ore 12
25 [ , 0, 0, 0, 0, 0, 7, 150, 352, 554, 731, 870, 952, 971, 924, 818, 663, 472, 267, 79, 0, 0, 0, 0, 0]  energia max 971 alle ore 12
26 [ , 0, 0, 0, 0, 0, 0, 153, 359, 561, 737, 870, 949, 965, 916, 812, 659, 469, 264, 75, 0, 0, 0, 0, 0]  energia max 965 alle ore 12
27 [ , 0, 0, 0, 0, 0, 0, 139, 339, 539, 712, 847, 921, 936, 880, 776, 485, 227, 144, 34, 0, 0, 0, 0, 0]  energia max 936 alle ore 12
28 [ , 0, 0, 0, 0, 0, 0, 7, 77, 117, 72, 79, 914, 932, 892, 130, 625, 53, 120, 30, 0, 0, 0, 0, 0]  energia max 932 alle ore 12
29 [ , 0, 0, 0, 0, 0, 0, 150, 369, 587, 775, 915, 997, 1010, 958, 847, 680, 477, 256, 57, 0, 0, 0, 0, 0]  energia max 1010 alle ore 12
 picco massimo energia  dell'anno 1101 nel giorno 0 alle ore 12 
 picco minimo di energia  dell'anno 772 nel giorno 28 alle ore 12 
 energia giornaleira massima dell'anno 9735 nel giorno 0 
 energia giornaliera minima dell'anno 4048 nel giorno 28 
 Media del mese 7803
