Maggio
0 [ , 0, 0, 0, 0, 0, 5, 12, 23, 226, 464, 106, 249, 491, 537, 290, 356, 93, 21, 7, 0, 0, 0, 0, 0]  energia max 537 alle ore 13
1 [ , 0, 0, 0, 0, 0, 6, 12, 23, 41, 83, 69, 340, 618, 198, 335, 527, 300, 16, 8, 0, 0, 0, 0, 0]  energia max 618 alle ore 12
2 [ , 0, 0, 0, 0, 0, 20, 94, 87, 59, 447, 550, 99, 409, 477, 474, 705, 501, 287, 94, 0, 0, 0, 0, 0]  energia max 705 alle ore 15
3 [ , 0, 0, 0, 0, 0, 21, 234, 202, 546, 841, 967, 1042, 1053, 998, 883, 720, 470, 253, 106, 0, 0, 0, 0, 0]  energia max 1053 alle ore 12
4 [ , 0, 0, 0, 0, 0, 25, 105, 287, 256, 321, 796, 859, 902, 820, 565, 348, 143, 16, 18, 0, 0, 0, 0, 0]  energia max 902 alle ore 12
5 [ , 0, 0, 0, 0, 0, 65, 137, 468, 679, 857, 985, 1057, 1063, 1019, 903, 497, 382, 17, 8, 0, 0, 0, 0, 0]  energia max 1063 alle ore 12
6 [ , 0, 0, 0, 0, 0, 75, 272, 494, 708, 630, 1021, 1092, 1102, 774, 930, 764, 559, 278, 112, 0, 0, 0, 0, 0]  energia max 1102 alle ore 12
7 [ , 0, 0, 0, 0, 0, 41, 12, 247, 391, 685, 726, 902, 971, 914, 783, 214, 471, 305, 64, 0, 0, 0, 0, 0]  energia max 971 alle ore 12
8 [ , 0, 0, 0, 0, 0, 86, 183, 400, 556, 332, 370, 115, 889, 1054, 941, 612, 446, 17, 8, 0, 0, 0, 0, 0]  energia max 1054 alle ore 13
9 [ , 0, 0, 0, 0, 0, 93, 291, 513, 723, 903, 1037, 1111, 1124, 772, 671, 787, 586, 368, 157, 12, 0, 0, 0, 0]  energia max 1124 alle ore 12
10 [ , 0, 0, 0, 0, 0, 88, 280, 496, 705, 882, 1016, 1089, 1100, 1042, 929, 680, 451, 176, 75, 9, 0, 0, 0, 0]  energia max 1100 alle ore 12
11 [ , 0, 0, 0, 0, 0, 6, 12, 23, 238, 616, 775, 778, 274, 751, 636, 731, 488, 330, 134, 6, 0, 0, 0, 0]  energia max 778 alle ore 11
12 [ , 0, 0, 0, 0, 0, 99, 293, 506, 711, 883, 1005, 1079, 1090, 1037, 927, 769, 576, 365, 164, 18, 0, 0, 0, 0]  energia max 1090 alle ore 12
13 [ , 0, 0, 0, 0, 0, 34, 187, 368, 588, 672, 843, 1036, 1047, 1009, 901, 642, 301, 197, 108, 14, 0, 0, 0, 0]  energia max 1047 alle ore 12
14 [ , 0, 0, 0, 0, 0, 8, 23, 53, 418, 395, 245, 881, 920, 766, 921, 721, 519, 301, 9, 3, 0, 0, 0, 0]  energia max 921 alle ore 14
15 [ , 0, 0, 0, 0, 0, 101, 23, 497, 562, 868, 994, 1066, 1078, 1011, 772, 508, 34, 19, 9, 15, 0, 0, 0, 0]  energia max 1078 alle ore 12
16 [ , 0, 0, 0, 0, 0, 117, 316, 531, 735, 909, 1037, 1109, 1121, 1061, 952, 793, 598, 385, 181, 26, 0, 0, 0, 0]  energia max 1121 alle ore 12
17 [ , 0, 0, 0, 0, 0, 80, 233, 410, 561, 679, 90, 100, 174, 800, 802, 615, 36, 47, 14, 6, 0, 0, 0, 0]  energia max 802 alle ore 14
18 [ , 0, 0, 0, 0, 0, 112, 120, 349, 548, 728, 782, 872, 890, 894, 766, 615, 339, 360, 118, 20, 0, 0, 0, 0]  energia max 894 alle ore 13
19 [ , 0, 0, 0, 0, 0, 7, 14, 55, 322, 347, 436, 342, 456, 277, 718, 664, 604, 396, 192, 34, 0, 0, 0, 0]  energia max 718 alle ore 14
20 [ , 0, 0, 0, 0, 0, 122, 317, 529, 728, 895, 1024, 955, 1103, 1049, 939, 782, 588, 323, 162, 31, 0, 0, 0, 0]  energia max 1103 alle ore 12
21 [ , 0, 0, 0, 0, 0, 8, 23, 495, 698, 873, 1000, 1075, 1090, 754, 931, 574, 453, 20, 10, 4, 0, 0, 0, 0]  energia max 1090 alle ore 12
22 [ , 0, 0, 0, 0, 0, 8, 13, 45, 40, 455, 895, 903, 758, 800, 980, 822, 630, 418, 210, 44, 0, 0, 0, 0]  energia max 980 alle ore 14
23 [ , 0, 0, 0, 0, 0, 118, 310, 521, 723, 897, 1035, 1110, 1123, 1080, 975, 821, 632, 422, 214, 47, 0, 0, 0, 0]  energia max 1123 alle ore 12
24 [ , 0, 0, 0, 0, 0, 9, 15, 46, 65, 101, 774, 856, 589, 545, 771, 805, 619, 343, 211, 36, 0, 0, 0, 0]  energia max 856 alle ore 11
25 [ , 0, 0, 0, 0, 0, 116, 306, 512, 710, 877, 1009, 1085, 1101, 1053, 953, 804, 618, 413, 211, 47, 0, 0, 0, 0]  energia max 1101 alle ore 12
26 [ , 0, 0, 0, 0, 0, 7, 15, 28, 504, 651, 300, 662, 704, 688, 698, 568, 633, 219, 211, 45, 0, 0, 0, 0]  energia max 704 alle ore 12
27 [ , 0, 0, 0, 0, 0, 116, 311, 366, 558, 904, 1029, 900, 926, 856, 845, 645, 451, 261, 183, 29, 0, 0, 0, 0]  energia max 1029 alle ore 10
28 [ , 0, 0, 0, 0, 0, 62, 322, 540, 504, 929, 714, 797, 1160, 1116, 1011, 855, 661, 445, 230, 20, 0, 0, 0, 0]  energia max 1160 alle ore 12
29 [ , 0, 0, 0, 0, 0, 119, 316, 531, 734, 910, 1040, 1113, 1130, 729, 95, 164, 440, 69, 15, 4, 0, 0, 0, 0]  energia max 1130 alle ore 12
 picco massimo energia  dell'anno 1160 nel giorno 23 alle ore 12 
 picco minimo di energia  dell'anno 537 nel giorno 1 alle ore 13 
 energia giornaleira massima dell'anno 10028 nel giorno 23 
 energia giornaliera minima dell'anno 2576 nel giorno 1 
 Media del mese 7219.97
