Marzo
0 [ , 0, 0, 0, 0, 0, 0, 0, 14, 29, 86, 59, 133, 148, 127, 107, 72, 38, 11, 0, 0, 0, 0, 0, 0]  energia max 148 alle ore 12
1 [ , 0, 0, 0, 0, 0, 0, 0, 14, 42, 79, 162, 210, 223, 133, 208, 73, 68, 25, 0, 0, 0, 0, 0, 0]  energia max 223 alle ore 12
2 [ , 0, 0, 0, 0, 0, 0, 0, 18, 43, 111, 35, 70, 137, 238, 116, 268, 280, 41, 0, 0, 0, 0, 0, 0]  energia max 280 alle ore 16
3 [ , 0, 0, 0, 0, 0, 0, 0, 138, 369, 583, 744, 840, 866, 817, 699, 523, 312, 96, 0, 0, 0, 0, 0, 0]  energia max 866 alle ore 12
4 [ , 0, 0, 0, 0, 0, 0, 0, 7, 14, 58, 93, 245, 88, 97, 56, 40, 22, 97, 0, 0, 0, 0, 0, 0]  energia max 245 alle ore 11
5 [ , 0, 0, 0, 0, 0, 0, 0, 70, 17, 175, 348, 249, 250, 714, 547, 197, 215, 35, 0, 0, 0, 0, 0, 0]  energia max 714 alle ore 13
6 [ , 0, 0, 0, 0, 0, 0, 0, 169, 147, 255, 463, 864, 893, 844, 727, 554, 342, 120, 0, 0, 0, 0, 0, 0]  energia max 893 alle ore 12
7 [ , 0, 0, 0, 0, 0, 0, 0, 166, 30, 51, 328, 875, 906, 862, 745, 396, 257, 75, 0, 0, 0, 0, 0, 0]  energia max 906 alle ore 12
8 [ , 0, 0, 0, 0, 0, 0, 1, 10, 38, 308, 69, 82, 64, 57, 46, 29, 56, 28, 0, 0, 0, 0, 0, 0]  energia max 308 alle ore 9
9 [ , 0, 0, 0, 0, 0, 0, 7, 208, 234, 446, 508, 474, 634, 542, 103, 138, 93, 32, 0, 0, 0, 0, 0, 0]  energia max 634 alle ore 12
10 [ , 0, 0, 0, 0, 0, 0, 33, 253, 504, 727, 889, 991, 1018, 958, 827, 641, 408, 167, 0, 0, 0, 0, 0, 0]  energia max 1018 alle ore 12
11 [ , 0, 0, 0, 0, 0, 0, 19, 214, 439, 641, 810, 906, 736, 559, 684, 494, 243, 84, 0, 0, 0, 0, 0, 0]  energia max 906 alle ore 11
12 [ , 0, 0, 0, 0, 0, 0, 38, 238, 464, 668, 824, 915, 935, 887, 769, 593, 379, 156, 0, 0, 0, 0, 0, 0]  energia max 935 alle ore 12
13 [ , 0, 0, 0, 0, 0, 0, 48, 252, 285, 509, 604, 934, 959, 892, 595, 503, 28, 91, 0, 0, 0, 0, 0, 0]  energia max 959 alle ore 12
14 [ , 0, 0, 0, 0, 0, 0, 63, 276, 504, 706, 865, 648, 636, 678, 304, 215, 47, 22, 11, 0, 0, 0, 0, 0]  energia max 865 alle ore 10
15 [ , 0, 0, 0, 0, 0, 0, 40, 162, 544, 751, 906, 1000, 1022, 969, 849, 674, 452, 214, 20, 0, 0, 0, 0, 0]  energia max 1022 alle ore 12
16 [ , 0, 0, 0, 0, 0, 0, 7, 163, 110, 468, 595, 471, 386, 635, 523, 89, 321, 55, 7, 0, 0, 0, 0, 0]  energia max 635 alle ore 13
17 [ , 0, 0, 0, 0, 0, 0, 7, 22, 44, 65, 372, 390, 327, 529, 789, 620, 415, 195, 21, 0, 0, 0, 0, 0]  energia max 789 alle ore 14
18 [ , 0, 0, 0, 0, 0, 0, 106, 331, 561, 763, 907, 996, 1013, 960, 836, 662, 446, 214, 28, 0, 0, 0, 0, 0]  energia max 1013 alle ore 12
19 [ , 0, 0, 0, 0, 0, 0, 7, 16, 36, 253, 623, 611, 112, 62, 76, 440, 51, 41, 7, 0, 0, 0, 0, 0]  energia max 623 alle ore 10
20 [ , 0, 0, 0, 0, 0, 0, 7, 17, 26, 145, 420, 504, 368, 644, 148, 40, 22, 13, 6, 0, 0, 0, 0, 0]  energia max 644 alle ore 13
21 [ , 0, 0, 0, 0, 0, 0, 144, 377, 611, 813, 963, 1047, 1061, 1003, 881, 548, 481, 248, 31, 0, 0, 0, 0, 0]  energia max 1061 alle ore 12
22 [ , 0, 0, 0, 0, 0, 0, 41, 312, 462, 432, 432, 435, 379, 332, 345, 387, 355, 147, 5, 0, 0, 0, 0, 0]  energia max 462 alle ore 8
23 [ , 0, 0, 0, 0, 0, 0, 11, 30, 105, 203, 907, 988, 1001, 947, 828, 657, 449, 229, 43, 0, 0, 0, 0, 0]  energia max 1001 alle ore 12
24 [ , 0, 0, 0, 0, 0, 0, 168, 395, 618, 810, 953, 1035, 1052, 994, 875, 704, 495, 268, 64, 0, 0, 0, 0, 0]  energia max 1052 alle ore 12
25 [ , 0, 0, 0, 0, 0, 13, 182, 411, 634, 826, 964, 1046, 1060, 1002, 883, 714, 504, 279, 73, 0, 0, 0, 0, 0]  energia max 1060 alle ore 12
26 [ , 0, 0, 0, 0, 0, 16, 13, 38, 167, 692, 762, 846, 868, 861, 742, 594, 325, 255, 64, 0, 0, 0, 0, 0]  energia max 868 alle ore 12
27 [ , 0, 0, 0, 0, 0, 17, 186, 410, 630, 818, 950, 1031, 1046, 993, 877, 709, 503, 281, 80, 0, 0, 0, 0, 0]  energia max 1046 alle ore 12
28 [ , 0, 0, 0, 0, 0, 24, 15, 35, 468, 519, 717, 1059, 1072, 1016, 898, 726, 520, 295, 89, 0, 0, 0, 0, 0]  energia max 1072 alle ore 12
29 [ , 0, 0, 0, 0, 0, 13, 199, 200, 82, 148, 123, 210, 641, 375, 545, 419, 499, 12, 49, 0, 0, 0, 0, 0]  energia max 641 alle ore 12
 picco massimo energia  dell'anno 1072 nel giorno 25 alle ore 12 
 picco minimo di energia  dell'anno 148 nel giorno 8 alle ore 12 
 energia giornaleira massima dell'anno 8591 nel giorno 25 
 energia giornaliera minima dell'anno 788 nel giorno 8 
 Media del mese 4909.4
