Novembre
0 [ , 0, 0, 0, 0, 0, 0, 0, 6, 11, 53, 109, 33, 33, 97, 18, 11, 6, 0, 0, 0, 0, 0, 0, 0]  energia max 109 alle ore 10
1 [ , 0, 0, 0, 0, 0, 0, 0, 6, 12, 276, 441, 629, 482, 302, 31, 73, 20, 0, 0, 0, 0, 0, 0, 0]  energia max 629 alle ore 11
2 [ , 0, 0, 0, 0, 0, 0, 0, 6, 12, 20, 27, 32, 154, 190, 60, 9, 5, 0, 0, 0, 0, 0, 0, 0]  energia max 190 alle ore 13
3 [ , 0, 0, 0, 0, 0, 0, 0, 55, 10, 30, 75, 79, 292, 300, 120, 11, 5, 0, 0, 0, 0, 0, 0, 0]  energia max 300 alle ore 13
4 [ , 0, 0, 0, 0, 0, 0, 0, 5, 226, 28, 41, 150, 566, 50, 99, 206, 11, 0, 0, 0, 0, 0, 0, 0]  energia max 566 alle ore 12
5 [ , 0, 0, 0, 0, 0, 0, 0, 33, 135, 86, 335, 549, 388, 38, 207, 13, 35, 0, 0, 0, 0, 0, 0, 0]  energia max 549 alle ore 11
6 [ , 0, 0, 0, 0, 0, 0, 0, 48, 218, 27, 38, 44, 114, 77, 26, 197, 36, 0, 0, 0, 0, 0, 0, 0]  energia max 218 alle ore 8
7 [ , 0, 0, 0, 0, 0, 0, 0, 11, 61, 358, 313, 330, 365, 238, 115, 179, 28, 0, 0, 0, 0, 0, 0, 0]  energia max 365 alle ore 12
8 [ , 0, 0, 0, 0, 0, 0, 0, 34, 194, 25, 138, 143, 300, 319, 110, 45, 6, 0, 0, 0, 0, 0, 0, 0]  energia max 319 alle ore 13
9 [ , 0, 0, 0, 0, 0, 0, 0, 32, 192, 144, 308, 358, 372, 117, 167, 179, 3, 0, 0, 0, 0, 0, 0, 0]  energia max 372 alle ore 12
10 [ , 0, 0, 0, 0, 0, 0, 0, 25, 184, 351, 475, 330, 300, 203, 77, 173, 20, 0, 0, 0, 0, 0, 0, 0]  energia max 475 alle ore 10
11 [ , 0, 0, 0, 0, 0, 0, 0, 19, 73, 157, 34, 41, 41, 19, 81, 41, 15, 0, 0, 0, 0, 0, 0, 0]  energia max 157 alle ore 9
12 [ , 0, 0, 0, 0, 0, 0, 0, 17, 161, 151, 447, 341, 373, 272, 191, 65, 15, 0, 0, 0, 0, 0, 0, 0]  energia max 447 alle ore 10
13 [ , 0, 0, 0, 0, 0, 0, 0, 0, 12, 23, 38, 84, 110, 19, 30, 17, 0, 0, 0, 0, 0, 0, 0, 0]  energia max 110 alle ore 12
14 [ , 0, 0, 0, 0, 0, 0, 0, 0, 9, 14, 20, 23, 23, 19, 21, 8, 0, 0, 0, 0, 0, 0, 0, 0]  energia max 23 alle ore 11
15 [ , 0, 0, 0, 0, 0, 0, 0, 0, 9, 20, 75, 139, 283, 424, 111, 48, 0, 0, 0, 0, 0, 0, 0, 0]  energia max 424 alle ore 13
16 [ , 0, 0, 0, 0, 0, 0, 0, 0, 141, 307, 433, 503, 348, 271, 153, 71, 0, 0, 0, 0, 0, 0, 0, 0]  energia max 503 alle ore 11
17 [ , 0, 0, 0, 0, 0, 0, 0, 0, 9, 19, 28, 35, 86, 78, 296, 140, 0, 0, 0, 0, 0, 0, 0, 0]  energia max 296 alle ore 14
18 [ , 0, 0, 0, 0, 0, 0, 0, 0, 112, 18, 28, 456, 463, 408, 218, 100, 0, 0, 0, 0, 0, 0, 0, 0]  energia max 463 alle ore 12
19 [ , 0, 0, 0, 0, 0, 0, 0, 0, 108, 260, 54, 133, 187, 396, 280, 132, 0, 0, 0, 0, 0, 0, 0, 0]  energia max 396 alle ore 13
20 [ , 0, 0, 0, 0, 0, 0, 0, 0, 104, 16, 60, 220, 280, 153, 275, 127, 0, 0, 0, 0, 0, 0, 0, 0]  energia max 280 alle ore 12
21 [ , 0, 0, 0, 0, 0, 0, 0, 0, 102, 258, 386, 460, 206, 27, 298, 144, 0, 0, 0, 0, 0, 0, 0, 0]  energia max 460 alle ore 11
22 [ , 0, 0, 0, 0, 0, 0, 0, 0, 110, 280, 413, 482, 488, 430, 311, 153, 0, 0, 0, 0, 0, 0, 0, 0]  energia max 488 alle ore 12
23 [ , 0, 0, 0, 0, 0, 0, 0, 0, 6, 17, 26, 32, 32, 28, 18, 9, 0, 0, 0, 0, 0, 0, 0, 0]  energia max 32 alle ore 11
24 [ , 0, 0, 0, 0, 0, 0, 0, 0, 94, 256, 389, 466, 475, 418, 302, 146, 0, 0, 0, 0, 0, 0, 0, 0]  energia max 475 alle ore 12
25 [ , 0, 0, 0, 0, 0, 0, 0, 0, 6, 10, 14, 18, 18, 213, 162, 9, 0, 0, 0, 0, 0, 0, 0, 0]  energia max 213 alle ore 13
26 [ , 0, 0, 0, 0, 0, 0, 0, 0, 6, 10, 14, 17, 22, 119, 19, 9, 0, 0, 0, 0, 0, 0, 0, 0]  energia max 119 alle ore 13
27 [ , 0, 0, 0, 0, 0, 0, 0, 0, 6, 15, 17, 17, 39, 69, 48, 25, 0, 0, 0, 0, 0, 0, 0, 0]  energia max 69 alle ore 13
28 [ , 0, 0, 0, 0, 0, 0, 0, 0, 5, 15, 24, 31, 57, 97, 11, 16, 0, 0, 0, 0, 0, 0, 0, 0]  energia max 97 alle ore 13
29 [ , 0, 0, 0, 0, 0, 0, 0, 0, 5, 15, 25, 18, 33, 82, 60, 10, 0, 0, 0, 0, 0, 0, 0, 0]  energia max 82 alle ore 13
 picco massimo energia  dell'anno 629 nel giorno 22 alle ore 11 
 picco minimo di energia  dell'anno 23 nel giorno 14 alle ore 11 
 energia giornaleira massima dell'anno 2667 nel giorno 22 
 energia giornaliera minima dell'anno 137 nel giorno 14 
 Media del mese 1193.2
