Ottobre
0 [ , 0, 0, 0, 0, 0, 0, 43, 245, 460, 644, 776, 846, 848, 782, 654, 476, 268, 64, 0, 0, 0, 0, 0, 0]  energia max 848 alle ore 12
1 [ , 0, 0, 0, 0, 0, 0, 32, 220, 233, 616, 748, 820, 821, 756, 628, 451, 244, 49, 0, 0, 0, 0, 0, 0]  energia max 821 alle ore 12
2 [ , 0, 0, 0, 0, 0, 0, 2, 15, 31, 612, 752, 612, 830, 520, 426, 376, 245, 45, 0, 0, 0, 0, 0, 0]  energia max 830 alle ore 12
3 [ , 0, 0, 0, 0, 0, 0, 24, 204, 410, 415, 724, 794, 798, 733, 606, 430, 224, 36, 0, 0, 0, 0, 0, 0]  energia max 798 alle ore 12
4 [ , 0, 0, 0, 0, 0, 0, 13, 12, 28, 44, 40, 66, 47, 60, 29, 18, 9, 3, 0, 0, 0, 0, 0, 0]  energia max 66 alle ore 11
5 [ , 0, 0, 0, 0, 0, 0, 10, 162, 356, 528, 655, 724, 726, 669, 544, 375, 179, 17, 0, 0, 0, 0, 0, 0]  energia max 726 alle ore 12
6 [ , 0, 0, 0, 0, 0, 0, 0, 151, 96, 159, 639, 705, 512, 361, 328, 179, 154, 8, 0, 0, 0, 0, 0, 0]  energia max 705 alle ore 11
7 [ , 0, 0, 0, 0, 0, 0, 0, 11, 26, 41, 448, 517, 566, 617, 497, 331, 145, 0, 0, 0, 0, 0, 0, 0]  energia max 617 alle ore 13
8 [ , 0, 0, 0, 0, 0, 0, 0, 143, 336, 509, 630, 694, 690, 610, 341, 318, 133, 0, 0, 0, 0, 0, 0, 0]  energia max 694 alle ore 11
9 [ , 0, 0, 0, 0, 0, 0, 0, 10, 23, 47, 55, 72, 588, 148, 62, 23, 8, 0, 0, 0, 0, 0, 0, 0]  energia max 588 alle ore 12
10 [ , 0, 0, 0, 0, 0, 0, 0, 8, 22, 37, 49, 429, 428, 376, 284, 170, 60, 0, 0, 0, 0, 0, 0, 0]  energia max 429 alle ore 11
11 [ , 0, 0, 0, 0, 0, 0, 0, 70, 289, 451, 568, 629, 626, 567, 445, 280, 102, 0, 0, 0, 0, 0, 0, 0]  energia max 629 alle ore 11
12 [ , 0, 0, 0, 0, 0, 0, 0, 120, 318, 495, 625, 692, 689, 619, 485, 305, 109, 0, 0, 0, 0, 0, 0, 0]  energia max 692 alle ore 11
13 [ , 0, 0, 0, 0, 0, 0, 0, 67, 190, 485, 606, 665, 660, 589, 462, 293, 104, 0, 0, 0, 0, 0, 0, 0]  energia max 665 alle ore 11
14 [ , 0, 0, 0, 0, 0, 0, 0, 92, 20, 33, 45, 51, 89, 111, 118, 105, 34, 0, 0, 0, 0, 0, 0, 0]  energia max 118 alle ore 14
15 [ , 0, 0, 0, 0, 0, 0, 0, 6, 11, 53, 109, 33, 33, 97, 18, 11, 6, 0, 0, 0, 0, 0, 0, 0]  energia max 109 alle ore 10
16 [ , 0, 0, 0, 0, 0, 0, 0, 6, 12, 276, 441, 629, 482, 302, 31, 73, 20, 0, 0, 0, 0, 0, 0, 0]  energia max 629 alle ore 11
17 [ , 0, 0, 0, 0, 0, 0, 0, 6, 12, 20, 27, 32, 154, 190, 60, 9, 5, 0, 0, 0, 0, 0, 0, 0]  energia max 190 alle ore 13
18 [ , 0, 0, 0, 0, 0, 0, 0, 55, 10, 30, 75, 79, 292, 300, 120, 11, 5, 0, 0, 0, 0, 0, 0, 0]  energia max 300 alle ore 13
19 [ , 0, 0, 0, 0, 0, 0, 0, 5, 226, 28, 41, 150, 566, 50, 99, 206, 11, 0, 0, 0, 0, 0, 0, 0]  energia max 566 alle ore 12
20 [ , 0, 0, 0, 0, 0, 0, 0, 33, 135, 86, 335, 549, 388, 38, 207, 13, 35, 0, 0, 0, 0, 0, 0, 0]  energia max 549 alle ore 11
21 [ , 0, 0, 0, 0, 0, 0, 0, 48, 218, 27, 38, 44, 114, 77, 26, 197, 36, 0, 0, 0, 0, 0, 0, 0]  energia max 218 alle ore 8
22 [ , 0, 0, 0, 0, 0, 0, 0, 11, 61, 358, 313, 330, 365, 238, 115, 179, 28, 0, 0, 0, 0, 0, 0, 0]  energia max 365 alle ore 12
23 [ , 0, 0, 0, 0, 0, 0, 0, 34, 194, 25, 138, 143, 300, 319, 110, 45, 6, 0, 0, 0, 0, 0, 0, 0]  energia max 319 alle ore 13
24 [ , 0, 0, 0, 0, 0, 0, 0, 32, 192, 144, 308, 358, 372, 117, 167, 179, 3, 0, 0, 0, 0, 0, 0, 0]  energia max 372 alle ore 12
25 [ , 0, 0, 0, 0, 0, 0, 0, 25, 184, 351, 475, 330, 300, 203, 77, 173, 20, 0, 0, 0, 0, 0, 0, 0]  energia max 475 alle ore 10
26 [ , 0, 0, 0, 0, 0, 0, 0, 19, 73, 157, 34, 41, 41, 19, 81, 41, 15, 0, 0, 0, 0, 0, 0, 0]  energia max 157 alle ore 9
27 [ , 0, 0, 0, 0, 0, 0, 0, 17, 161, 151, 447, 341, 373, 272, 191, 65, 15, 0, 0, 0, 0, 0, 0, 0]  energia max 447 alle ore 10
28 [ , 0, 0, 0, 0, 0, 0, 0, 0, 12, 23, 38, 84, 110, 19, 30, 17, 0, 0, 0, 0, 0, 0, 0, 0]  energia max 110 alle ore 12
29 [ , 0, 0, 0, 0, 0, 0, 0, 0, 9, 14, 20, 23, 23, 19, 21, 8, 0, 0, 0, 0, 0, 0, 0, 0]  energia max 23 alle ore 11
 picco massimo energia  dell'anno 848 nel giorno 0 alle ore 12 
 picco minimo di energia  dell'anno 23 nel giorno 29 alle ore 11 
 energia giornaleira massima dell'anno 6106 nel giorno 0 
 energia giornaliera minima dell'anno 137 nel giorno 29 
 Media del mese 2417.07
