Settembre
0 [ , 0, 0, 0, 0, 0, 0, 129, 338, 544, 723, 857, 774, 945, 889, 631, 503, 422, 216, 39, 0, 0, 0, 0, 0]  energia max 945 alle ore 12
1 [ , 0, 0, 0, 0, 0, 0, 66, 209, 356, 483, 632, 785, 627, 445, 51, 83, 248, 89, 13, 0, 0, 0, 0, 0]  energia max 785 alle ore 11
2 [ , 0, 0, 0, 0, 0, 0, 11, 13, 121, 64, 78, 71, 72, 80, 469, 552, 410, 197, 24, 0, 0, 0, 0, 0]  energia max 552 alle ore 15
3 [ , 0, 0, 0, 0, 0, 0, 112, 320, 530, 713, 850, 928, 940, 889, 774, 609, 407, 194, 23, 0, 0, 0, 0, 0]  energia max 940 alle ore 12
4 [ , 0, 0, 0, 0, 0, 0, 102, 307, 516, 697, 832, 908, 918, 855, 740, 575, 374, 114, 14, 0, 0, 0, 0, 0]  energia max 918 alle ore 12
5 [ , 0, 0, 0, 0, 0, 0, 88, 284, 491, 673, 822, 898, 908, 854, 740, 575, 375, 168, 11, 0, 0, 0, 0, 0]  energia max 908 alle ore 12
6 [ , 0, 0, 0, 0, 0, 0, 55, 288, 494, 550, 802, 878, 888, 829, 715, 550, 353, 151, 0, 0, 0, 0, 0, 0]  energia max 888 alle ore 12
7 [ , 0, 0, 0, 0, 0, 0, 74, 266, 467, 641, 768, 843, 854, 801, 688, 476, 294, 56, 0, 0, 0, 0, 0, 0]  energia max 854 alle ore 12
8 [ , 0, 0, 0, 0, 0, 0, 66, 254, 453, 630, 731, 806, 817, 766, 654, 495, 305, 114, 0, 0, 0, 0, 0, 0]  energia max 817 alle ore 12
9 [ , 0, 0, 0, 0, 0, 0, 61, 251, 451, 625, 750, 822, 829, 680, 554, 381, 225, 73, 0, 0, 0, 0, 0, 0]  energia max 829 alle ore 12
10 [ , 0, 0, 0, 0, 0, 0, 4, 18, 35, 421, 518, 448, 588, 764, 649, 485, 14, 9, 0, 0, 0, 0, 0, 0]  energia max 764 alle ore 13
11 [ , 0, 0, 0, 0, 0, 0, 54, 242, 444, 622, 743, 819, 829, 771, 653, 489, 292, 96, 0, 0, 0, 0, 0, 0]  energia max 829 alle ore 12
12 [ , 0, 0, 0, 0, 0, 0, 32, 230, 263, 409, 575, 602, 654, 623, 453, 366, 211, 64, 0, 0, 0, 0, 0, 0]  energia max 654 alle ore 12
13 [ , 0, 0, 0, 0, 0, 0, 22, 233, 456, 397, 503, 864, 567, 578, 682, 503, 292, 85, 0, 0, 0, 0, 0, 0]  energia max 864 alle ore 11
14 [ , 0, 0, 0, 0, 0, 0, 49, 258, 481, 675, 815, 892, 899, 829, 698, 514, 296, 80, 0, 0, 0, 0, 0, 0]  energia max 899 alle ore 12
15 [ , 0, 0, 0, 0, 0, 0, 43, 245, 460, 644, 776, 846, 848, 782, 654, 476, 268, 64, 0, 0, 0, 0, 0, 0]  energia max 848 alle ore 12
16 [ , 0, 0, 0, 0, 0, 0, 32, 220, 233, 616, 748, 820, 821, 756, 628, 451, 244, 49, 0, 0, 0, 0, 0, 0]  energia max 821 alle ore 12
17 [ , 0, 0, 0, 0, 0, 0, 2, 15, 31, 612, 752, 612, 830, 520, 426, 376, 245, 45, 0, 0, 0, 0, 0, 0]  energia max 830 alle ore 12
18 [ , 0, 0, 0, 0, 0, 0, 24, 204, 410, 415, 724, 794, 798, 733, 606, 430, 224, 36, 0, 0, 0, 0, 0, 0]  energia max 798 alle ore 12
19 [ , 0, 0, 0, 0, 0, 0, 13, 12, 28, 44, 40, 66, 47, 60, 29, 18, 9, 3, 0, 0, 0, 0, 0, 0]  energia max 66 alle ore 11
20 [ , 0, 0, 0, 0, 0, 0, 10, 162, 356, 528, 655, 724, 726, 669, 544, 375, 179, 17, 0, 0, 0, 0, 0, 0]  energia max 726 alle ore 12
21 [ , 0, 0, 0, 0, 0, 0, 0, 151, 96, 159, 639, 705, 512, 361, 328, 179, 154, 8, 0, 0, 0, 0, 0, 0]  energia max 705 alle ore 11
22 [ , 0, 0, 0, 0, 0, 0, 0, 11, 26, 41, 448, 517, 566, 617, 497, 331, 145, 0, 0, 0, 0, 0, 0, 0]  energia max 617 alle ore 13
23 [ , 0, 0, 0, 0, 0, 0, 0, 143, 336, 509, 630, 694, 690, 610, 341, 318, 133, 0, 0, 0, 0, 0, 0, 0]  energia max 694 alle ore 11
24 [ , 0, 0, 0, 0, 0, 0, 0, 10, 23, 47, 55, 72, 588, 148, 62, 23, 8, 0, 0, 0, 0, 0, 0, 0]  energia max 588 alle ore 12
25 [ , 0, 0, 0, 0, 0, 0, 0, 8, 22, 37, 49, 429, 428, 376, 284, 170, 60, 0, 0, 0, 0, 0, 0, 0]  energia max 429 alle ore 11
26 [ , 0, 0, 0, 0, 0, 0, 0, 70, 289, 451, 568, 629, 626, 567, 445, 280, 102, 0, 0, 0, 0, 0, 0, 0]  energia max 629 alle ore 11
27 [ , 0, 0, 0, 0, 0, 0, 0, 120, 318, 495, 625, 692, 689, 619, 485, 305, 109, 0, 0, 0, 0, 0, 0, 0]  energia max 692 alle ore 11
28 [ , 0, 0, 0, 0, 0, 0, 0, 67, 190, 485, 606, 665, 660, 589, 462, 293, 104, 0, 0, 0, 0, 0, 0, 0]  energia max 665 alle ore 11
29 [ , 0, 0, 0, 0, 0, 0, 0, 92, 20, 33, 45, 51, 89, 111, 118, 105, 34, 0, 0, 0, 0, 0, 0, 0]  energia max 118 alle ore 14
 picco massimo energia  dell'anno 945 nel giorno 3 alle ore 12 
 picco minimo di energia  dell'anno 66 nel giorno 19 alle ore 11 
 energia giornaleira massima dell'anno 7289 nel giorno 3 
 energia giornaliera minima dell'anno 369 nel giorno 19 
 Media del mese 4637.23
