Hai inserito il numero: 1
0 [ , 0, 0, 0, 0, 0, 0, 0, 0, 58, 101, 159, 349, 204, 219, 146, 131, 29, 0, 0, 0, 0, 0, 0, 0]  energia max 349 alle ore 11
1 [ , 0, 0, 0, 0, 0, 0, 0, 0, 816, 2587, 2712, 2981, 1775, 2651, 156, 100, 43, 0, 0, 0, 0, 0, 0, 0]  energia max 2981 alle ore 11
2 [ , 0, 0, 0, 0, 0, 0, 0, 0, 783, 766, 2618, 3009, 3530, 3198, 242, 128, 287, 0, 0, 0, 0, 0, 0, 0]  energia max 3530 alle ore 12
3 [ , 0, 0, 0, 0, 0, 0, 0, 0, 71, 114, 156, 198, 381, 451, 169, 113, 42, 0, 0, 0, 0, 0, 0, 0]  energia max 451 alle ore 13
4 [ , 0, 0, 0, 0, 0, 0, 0, 0, 298, 113, 154, 365, 210, 2182, 168, 848, 185, 0, 0, 0, 0, 0, 0, 0]  energia max 2182 alle ore 13
5 [ , 0, 0, 0, 0, 0, 0, 0, 0, 57, 173, 287, 372, 414, 414, 1502, 473, 43, 0, 0, 0, 0, 0, 0, 0]  energia max 1502 alle ore 14
6 [ , 0, 0, 0, 0, 0, 0, 0, 0, 72, 172, 300, 385, 2237, 1610, 942, 2211, 187, 0, 0, 0, 0, 0, 0, 0]  energia max 2237 alle ore 12
7 [ , 0, 0, 0, 0, 0, 0, 0, 0, 73, 189, 318, 403, 1911, 2771, 646, 245, 72, 0, 0, 0, 0, 0, 0, 0]  energia max 2771 alle ore 13
8 [ , 0, 0, 0, 0, 0, 0, 0, 0, 72, 202, 1681, 5766, 6006, 5567, 4472, 2703, 723, 0, 0, 0, 0, 0, 0, 0]  energia max 6006 alle ore 12
9 [ , 0, 0, 0, 0, 0, 0, 0, 0, 506, 2943, 2571, 3473, 5894, 3338, 2090, 2646, 748, 0, 0, 0, 0, 0, 0, 0]  energia max 5894 alle ore 12
10 [ , 0, 0, 0, 0, 0, 0, 0, 0, 1097, 3102, 4757, 5847, 6144, 5678, 4522, 2818, 866, 0, 0, 0, 0, 0, 0, 0]  energia max 6144 alle ore 12
11 [ , 0, 0, 0, 0, 0, 0, 0, 0, 1151, 3138, 4787, 5824, 6138, 5703, 3298, 1236, 434, 0, 0, 0, 0, 0, 0, 0]  energia max 6138 alle ore 12
12 [ , 0, 0, 0, 0, 0, 0, 0, 0, 1133, 3064, 1810, 2574, 2066, 1224, 726, 186, 86, 0, 0, 0, 0, 0, 0, 0]  energia max 3064 alle ore 9
13 [ , 0, 0, 0, 0, 0, 0, 0, 0, 101, 201, 257, 555, 753, 553, 737, 199, 1001, 0, 0, 0, 0, 0, 0, 0]  energia max 1001 alle ore 16
14 [ , 0, 0, 0, 0, 0, 0, 0, 0, 1303, 230, 358, 872, 1295, 851, 383, 3100, 1142, 0, 0, 0, 0, 0, 0, 0]  energia max 3100 alle ore 15
15 [ , 0, 0, 0, 0, 0, 0, 0, 0, 1392, 245, 387, 486, 1169, 1653, 370, 228, 86, 0, 0, 0, 0, 0, 0, 0]  energia max 1653 alle ore 13
16 [ , 0, 0, 0, 0, 0, 0, 0, 0, 130, 276, 640, 1176, 1362, 1316, 1143, 797, 349, 0, 0, 0, 0, 0, 0, 0]  energia max 1362 alle ore 12
17 [ , 0, 0, 0, 0, 0, 0, 0, 0, 1424, 3192, 3893, 2809, 2040, 1652, 1323, 881, 349, 0, 0, 0, 0, 0, 0, 0]  energia max 3893 alle ore 10
18 [ , 0, 0, 0, 0, 0, 0, 0, 0, 421, 724, 852, 866, 808, 679, 522, 319, 145, 0, 0, 0, 0, 0, 0, 0]  energia max 866 alle ore 11
19 [ , 0, 0, 0, 0, 0, 0, 0, 0, 116, 274, 432, 545, 573, 543, 429, 272, 115, 0, 0, 0, 0, 0, 0, 0]  energia max 573 alle ore 12
20 [ , 0, 0, 0, 0, 0, 0, 0, 0, 1821, 303, 1897, 3507, 4618, 6895, 1861, 3966, 1810, 0, 0, 0, 0, 0, 0, 0]  energia max 6895 alle ore 13
21 [ , 0, 0, 0, 0, 0, 0, 0, 87, 146, 175, 262, 597, 640, 756, 261, 305, 131, 0, 0, 0, 0, 0, 0, 0]  energia max 756 alle ore 13
22 [ , 0, 0, 0, 0, 0, 0, 0, 264, 2308, 4583, 6391, 7573, 7956, 4587, 2763, 4445, 2203, 203, 0, 0, 0, 0, 0, 0]  energia max 7956 alle ore 12
23 [ , 0, 0, 0, 0, 0, 0, 0, 58, 145, 1706, 4322, 3190, 4081, 3064, 1824, 1086, 1253, 145, 0, 0, 0, 0, 0, 0]  energia max 4322 alle ore 10
24 [ , 0, 0, 0, 0, 0, 0, 0, 43, 160, 348, 521, 634, 677, 620, 505, 333, 159, 29, 0, 0, 0, 0, 0, 0]  energia max 677 alle ore 12
25 [ , 0, 0, 0, 0, 0, 0, 0, 44, 175, 363, 565, 665, 3082, 665, 536, 348, 175, 43, 0, 0, 0, 0, 0, 0]  energia max 3082 alle ore 12
26 [ , 0, 0, 0, 0, 0, 0, 0, 58, 132, 235, 308, 804, 422, 669, 654, 364, 116, 58, 0, 0, 0, 0, 0, 0]  energia max 804 alle ore 11
27 [ , 0, 0, 0, 0, 0, 0, 0, 72, 145, 217, 562, 834, 8358, 5623, 6721, 4839, 2577, 232, 0, 0, 0, 0, 0, 0]  energia max 8358 alle ore 12
28 [ , 0, 0, 0, 0, 0, 0, 0, 899, 3450, 5945, 7945, 9171, 9462, 8897, 4845, 2887, 641, 582, 0, 0, 0, 0, 0, 0]  energia max 9462 alle ore 12
29 [ , 0, 0, 0, 0, 0, 0, 0, 940, 3412, 5837, 7611, 6528, 5257, 4563, 3800, 2803, 444, 89, 0, 0, 0, 0, 0, 0]  energia max 7611 alle ore 10
30 [ , 0, 0, 0, 0, 0, 0, 0, 163, 325, 959, 662, 1486, 1647, 1412, 1191, 809, 427, 132, 0, 0, 0, 0, 0, 0]  energia max 1647 alle ore 12
31 [ , 0, 0, 0, 0, 0, 0, 0, 162, 470, 878, 1807, 2337, 2487, 1487, 2315, 813, 759, 278, 0, 0, 0, 0, 0, 0]  energia max 2487 alle ore 12
32 [ , 0, 0, 0, 0, 0, 0, 0, 205, 482, 1238, 392, 781, 1528, 2649, 1295, 2982, 3122, 464, 0, 0, 0, 0, 0, 0]  energia max 3122 alle ore 16
33 [ , 0, 0, 0, 0, 0, 0, 0, 1542, 4110, 6487, 8268, 9341, 9630, 9079, 7774, 5820, 3469, 1072, 0, 0, 0, 0, 0, 0]  energia max 9630 alle ore 12
34 [ , 0, 0, 0, 0, 0, 0, 0, 86, 156, 652, 1044, 2729, 984, 1082, 632, 450, 254, 1078, 0, 0, 0, 0, 0, 0]  energia max 2729 alle ore 11
35 [ , 0, 0, 0, 0, 0, 0, 0, 786, 198, 1950, 3870, 2767, 2779, 7942, 6078, 2192, 2398, 397, 0, 0, 0, 0, 0, 0]  energia max 7942 alle ore 13
36 [ , 0, 0, 0, 0, 0, 0, 0, 1880, 1637, 2839, 5152, 9602, 9929, 9378, 8085, 6157, 3800, 1343, 0, 0, 0, 0, 0, 0]  energia max 9929 alle ore 12
37 [ , 0, 0, 0, 0, 0, 0, 0, 1854, 343, 568, 3653, 9729, 10076, 9577, 8281, 4403, 2856, 835, 0, 0, 0, 0, 0, 0]  energia max 10076 alle ore 12
38 [ , 0, 0, 0, 0, 0, 0, 14, 115, 431, 3423, 771, 913, 713, 642, 514, 329, 632, 317, 0, 0, 0, 0, 0, 0]  energia max 3423 alle ore 9
39 [ , 0, 0, 0, 0, 0, 0, 87, 2320, 2601, 4963, 5649, 5276, 7049, 6027, 1149, 1540, 1039, 363, 0, 0, 0, 0, 0, 0]  energia max 7049 alle ore 12
40 [ , 0, 0, 0, 0, 0, 0, 369, 2813, 5604, 8085, 9879, 11018, 11321, 10645, 9192, 7132, 4536, 1858, 0, 0, 0, 0, 0, 0]  energia max 11321 alle ore 12
41 [ , 0, 0, 0, 0, 0, 0, 218, 2388, 4884, 7130, 9002, 10070, 8183, 6220, 7601, 5494, 2701, 936, 0, 0, 0, 0, 0, 0]  energia max 10070 alle ore 11
42 [ , 0, 0, 0, 0, 0, 0, 423, 2649, 5162, 7427, 9156, 10176, 10389, 9862, 8544, 6598, 4222, 1733, 0, 0, 0, 0, 0, 0]  energia max 10389 alle ore 12
43 [ , 0, 0, 0, 0, 0, 0, 535, 2802, 3176, 5664, 6715, 10382, 10658, 9918, 6619, 5596, 321, 1012, 0, 0, 0, 0, 0, 0]  energia max 10658 alle ore 12
44 [ , 0, 0, 0, 0, 0, 0, 700, 3068, 5609, 7854, 9611, 7204, 7069, 7536, 3382, 2393, 528, 252, 126, 0, 0, 0, 0, 0]  energia max 9611 alle ore 10
45 [ , 0, 0, 0, 0, 0, 0, 446, 1803, 6046, 8351, 10076, 11116, 11359, 10768, 9434, 7494, 5031, 2383, 227, 0, 0, 0, 0, 0]  energia max 11359 alle ore 12
46 [ , 0, 0, 0, 0, 0, 0, 85, 1817, 1226, 5200, 6620, 5241, 4293, 7062, 5822, 991, 3569, 620, 85, 0, 0, 0, 0, 0]  energia max 7062 alle ore 13
47 [ , 0, 0, 0, 0, 0, 0, 85, 254, 492, 729, 4138, 4338, 3635, 5888, 8770, 6895, 4621, 2175, 239, 0, 0, 0, 0, 0]  energia max 8770 alle ore 14
48 [ , 0, 0, 0, 0, 0, 0, 1181, 3682, 6233, 8487, 10084, 11069, 11260, 10675, 9299, 7361, 4955, 2387, 311, 0, 0, 0, 0, 0]  energia max 11260 alle ore 12
49 [ , 0, 0, 0, 0, 0, 0, 85, 184, 408, 2813, 6926, 6795, 1255, 699, 854, 4897, 576, 465, 84, 0, 0, 0, 0, 0]  energia max 6926 alle ore 10
50 [ , 0, 0, 0, 0, 0, 0, 85, 198, 295, 1614, 4668, 5601, 4098, 7156, 1649, 447, 252, 155, 70, 0, 0, 0, 0, 0]  energia max 7156 alle ore 13
51 [ , 0, 0, 0, 0, 0, 0, 1609, 4196, 6794, 9043, 10708, 11635, 11794, 11148, 9791, 6098, 5347, 2763, 351, 0, 0, 0, 0, 0]  energia max 11794 alle ore 12
52 [ , 0, 0, 0, 0, 0, 0, 465, 3473, 5137, 4801, 4802, 4840, 4212, 3696, 3841, 4300, 3946, 1642, 56, 0, 0, 0, 0, 0]  energia max 5137 alle ore 8
53 [ , 0, 0, 0, 0, 0, 0, 126, 334, 1175, 2256, 10080, 10979, 11130, 10529, 9202, 7310, 4992, 2550, 485, 0, 0, 0, 0, 0]  energia max 11130 alle ore 12
54 [ , 0, 0, 0, 0, 0, 0, 1867, 4397, 6871, 9004, 10591, 11502, 11698, 11047, 9730, 7829, 5509, 2988, 715, 0, 0, 0, 0, 0]  energia max 11698 alle ore 12
55 [ , 0, 0, 0, 0, 0, 153, 2030, 4572, 7044, 9181, 10720, 11627, 11785, 11138, 9820, 7944, 5603, 3107, 817, 0, 0, 0, 0, 0]  energia max 11785 alle ore 12
56 [ , 0, 0, 0, 0, 0, 183, 154, 431, 1861, 7690, 8477, 9407, 9645, 9572, 8247, 6608, 3612, 2834, 712, 0, 0, 0, 0, 0]  energia max 9645 alle ore 12
57 [ , 0, 0, 0, 0, 0, 197, 2069, 4561, 7002, 9090, 10560, 11461, 11623, 11041, 9746, 7883, 5593, 3132, 889, 0, 0, 0, 0, 0]  energia max 11623 alle ore 12
58 [ , 0, 0, 0, 0, 0, 267, 167, 389, 5207, 5772, 7971, 11773, 11920, 11289, 9981, 8070, 5779, 3284, 997, 0, 0, 0, 0, 0]  energia max 11920 alle ore 12
59 [ , 0, 0, 0, 0, 0, 154, 2212, 2223, 918, 1647, 1369, 2337, 7127, 4172, 6056, 4663, 5549, 136, 550, 0, 0, 0, 0, 0]  energia max 7127 alle ore 12
60 [ , 0, 0, 0, 0, 0, 56, 140, 266, 2521, 5165, 1186, 2771, 5462, 5968, 3225, 3966, 1044, 237, 84, 0, 0, 0, 0, 0]  energia max 5968 alle ore 13
61 [ , 0, 0, 0, 0, 0, 70, 139, 263, 457, 928, 773, 3784, 6871, 2203, 3722, 5858, 3336, 179, 97, 0, 0, 0, 0, 0]  energia max 6871 alle ore 12
62 [ , 0, 0, 0, 0, 0, 223, 1044, 971, 663, 4969, 6114, 1106, 4550, 5307, 5275, 7838, 5572, 3199, 1049, 0, 0, 0, 0, 0]  energia max 7838 alle ore 15
63 [ , 0, 0, 0, 0, 0, 236, 2604, 2247, 6069, 9346, 10751, 11580, 11708, 11091, 9821, 8001, 5224, 2811, 1186, 0, 0, 0, 0, 0]  energia max 11708 alle ore 12
64 [ , 0, 0, 0, 0, 0, 280, 1174, 3199, 2848, 3576, 8853, 9548, 10033, 9117, 6278, 3875, 1591, 178, 207, 0, 0, 0, 0, 0]  energia max 10033 alle ore 12
65 [ , 0, 0, 0, 0, 0, 725, 1522, 5207, 7547, 9524, 10954, 11744, 11821, 11330, 10041, 5529, 4251, 190, 95, 0, 0, 0, 0, 0]  energia max 11821 alle ore 12
66 [ , 0, 0, 0, 0, 0, 842, 3025, 5497, 7866, 7002, 11351, 12136, 12248, 8603, 10341, 8494, 6213, 3095, 1250, 0, 0, 0, 0, 0]  energia max 12248 alle ore 12
67 [ , 0, 0, 0, 0, 0, 455, 141, 2748, 4351, 7620, 8067, 10031, 10798, 10157, 8700, 2384, 5241, 3393, 718, 0, 0, 0, 0, 0]  energia max 10798 alle ore 12
68 [ , 0, 0, 0, 0, 0, 959, 2033, 4445, 6188, 3694, 4114, 1281, 9880, 11716, 10464, 6806, 4956, 193, 96, 0, 0, 0, 0, 0]  energia max 11716 alle ore 13
69 [ , 0, 0, 0, 0, 0, 1036, 3238, 5707, 8035, 10040, 11526, 12354, 12488, 8588, 7466, 8747, 6512, 4090, 1747, 138, 0, 0, 0, 0]  energia max 12488 alle ore 12
70 [ , 0, 0, 0, 0, 0, 986, 3112, 5518, 7841, 9808, 11291, 12110, 12226, 11587, 10331, 7557, 5013, 1960, 835, 110, 0, 0, 0, 0]  energia max 12226 alle ore 12
71 [ , 0, 0, 0, 0, 0, 69, 138, 262, 2646, 6853, 8615, 8654, 3052, 8351, 7075, 8127, 5428, 3672, 1499, 69, 0, 0, 0, 0]  energia max 8654 alle ore 11
72 [ , 0, 0, 0, 0, 0, 1107, 3256, 5628, 7901, 9821, 11177, 11989, 12113, 11526, 10300, 8544, 6403, 4065, 1830, 203, 0, 0, 0, 0]  energia max 12113 alle ore 12
73 [ , 0, 0, 0, 0, 0, 384, 2086, 4089, 6536, 7477, 9371, 11517, 11641, 11216, 10018, 7137, 3345, 2192, 1205, 163, 0, 0, 0, 0]  energia max 11641 alle ore 12
74 [ , 0, 0, 0, 0, 0, 96, 260, 598, 4645, 4391, 2728, 9796, 10223, 8514, 10241, 8021, 5769, 3353, 107, 40, 0, 0, 0, 0]  energia max 10241 alle ore 14
75 [ , 0, 0, 0, 0, 0, 1127, 259, 5526, 6247, 9649, 11045, 11850, 11978, 11243, 8581, 5650, 387, 214, 108, 176, 0, 0, 0, 0]  energia max 11978 alle ore 12
76 [ , 0, 0, 0, 0, 0, 1302, 3519, 5907, 8170, 10107, 11530, 12329, 12460, 11796, 10579, 8820, 6655, 4287, 2017, 298, 0, 0, 0, 0]  energia max 12460 alle ore 12
77 [ , 0, 0, 0, 0, 0, 890, 2597, 4564, 6242, 7546, 1004, 1121, 1942, 8897, 8917, 6844, 400, 523, 162, 67, 0, 0, 0, 0]  energia max 8917 alle ore 14
78 [ , 0, 0, 0, 0, 0, 1253, 1340, 3880, 6092, 8091, 8691, 9698, 9897, 9940, 8514, 6835, 3768, 4009, 1311, 231, 0, 0, 0, 0]  energia max 9940 alle ore 13
79 [ , 0, 0, 0, 0, 0, 82, 165, 618, 3581, 3859, 4849, 3800, 5075, 3083, 7983, 7382, 6715, 4403, 2140, 383, 0, 0, 0, 0]  energia max 7983 alle ore 14
80 [ , 0, 0, 0, 0, 0, 1365, 3528, 5879, 8089, 9954, 11380, 10617, 12265, 11666, 10440, 8697, 6542, 3597, 1806, 350, 0, 0, 0, 0]  energia max 12265 alle ore 12
81 [ , 0, 0, 0, 0, 0, 95, 257, 5504, 7766, 9708, 11115, 11953, 12120, 8383, 10344, 6380, 5039, 228, 121, 54, 0, 0, 0, 0]  energia max 12120 alle ore 12
82 [ , 0, 0, 0, 0, 0, 96, 151, 505, 448, 5064, 9949, 10034, 8432, 8899, 10889, 9135, 7009, 4649, 2339, 493, 0, 0, 0, 0]  energia max 10889 alle ore 14
83 [ , 0, 0, 0, 0, 0, 1319, 3449, 5791, 8034, 9971, 11504, 12339, 12488, 12009, 10835, 9130, 7027, 4696, 2388, 526, 0, 0, 0, 0]  energia max 12488 alle ore 12
84 [ , 0, 0, 0, 0, 0, 109, 177, 516, 730, 1128, 8608, 9515, 6549, 6065, 8575, 8949, 6878, 3814, 2352, 403, 0, 0, 0, 0]  energia max 9515 alle ore 11
85 [ , 0, 0, 0, 0, 0, 1292, 3402, 5689, 7889, 9750, 11213, 12056, 12240, 11709, 10594, 8940, 6873, 4592, 2355, 526, 0, 0, 0, 0]  energia max 12240 alle ore 12
86 [ , 0, 0, 0, 0, 0, 81, 177, 313, 5606, 7236, 3338, 7355, 7825, 7650, 7756, 6314, 7035, 2440, 2355, 509, 0, 0, 0, 0]  energia max 7825 alle ore 12
87 [ , 0, 0, 0, 0, 0, 1299, 3457, 4073, 6201, 10051, 11440, 10007, 10294, 9512, 9392, 7168, 5014, 2906, 2040, 328, 0, 0, 0, 0]  energia max 11440 alle ore 10
88 [ , 0, 0, 0, 0, 0, 691, 3581, 6007, 5610, 10323, 7934, 8862, 12895, 12408, 11241, 9503, 7352, 4949, 2564, 232, 0, 0, 0, 0]  energia max 12895 alle ore 12
89 [ , 0, 0, 0, 0, 0, 1327, 3520, 5901, 8162, 10115, 11566, 12377, 12557, 8100, 1065, 1831, 4889, 769, 176, 54, 0, 0, 0, 0]  energia max 12557 alle ore 12
90 [ , 0, 0, 0, 0, 0, 1168, 3260, 5565, 7767, 9658, 11169, 11992, 12149, 11664, 10546, 8904, 6849, 4607, 2385, 546, 0, 0, 0, 0]  energia max 12149 alle ore 12
91 [ , 0, 0, 0, 0, 0, 1024, 3042, 5326, 7523, 9412, 10723, 9984, 11699, 11274, 10195, 8590, 6575, 4346, 2182, 456, 0, 0, 0, 0]  energia max 11699 alle ore 12
92 [ , 0, 0, 0, 0, 0, 559, 135, 4231, 6390, 9193, 10634, 11490, 11727, 11515, 10422, 8810, 6788, 4545, 2323, 509, 0, 0, 0, 0]  energia max 11727 alle ore 12
93 [ , 0, 0, 0, 0, 0, 1037, 3076, 5392, 7621, 9537, 11110, 11993, 12234, 8192, 10602, 633, 1863, 3383, 1549, 175, 0, 0, 0, 0]  energia max 12234 alle ore 12
94 [ , 0, 0, 0, 0, 0, 1047, 1677, 5453, 7687, 8017, 8882, 10458, 12063, 11563, 10461, 8843, 6780, 4535, 2292, 484, 0, 0, 0, 0]  energia max 12063 alle ore 12
95 [ , 0, 0, 0, 0, 0, 590, 2965, 5269, 7478, 7702, 10711, 8370, 9856, 8696, 8845, 8452, 4779, 3667, 826, 161, 0, 0, 0, 0]  energia max 10711 alle ore 10
96 [ , 0, 0, 0, 0, 0, 946, 2955, 3259, 4513, 5382, 5207, 7400, 8578, 7420, 5193, 5466, 5397, 4319, 2118, 336, 0, 0, 0, 0]  energia max 8578 alle ore 12
97 [ , 0, 0, 0, 0, 0, 909, 2907, 5162, 7352, 9250, 10561, 11400, 11582, 11247, 10095, 8406, 6350, 4155, 1622, 335, 0, 0, 0, 0]  energia max 11582 alle ore 12
98 [ , 0, 0, 0, 0, 0, 764, 2692, 4896, 7060, 8959, 9255, 9264, 10267, 2579, 811, 614, 388, 215, 1164, 312, 0, 0, 0, 0]  energia max 10267 alle ore 12
99 [ , 0, 0, 0, 0, 0, 845, 2878, 5208, 7454, 9410, 10934, 11820, 12064, 11604, 10502, 8857, 6756, 4450, 2180, 373, 0, 0, 0, 0]  energia max 12064 alle ore 12
100 [ , 0, 0, 0, 0, 0, 787, 2773, 5056, 7288, 9195, 10651, 11494, 11662, 11060, 9958, 8298, 6281, 1113, 700, 53, 0, 0, 0, 0]  energia max 11662 alle ore 12
101 [ , 0, 0, 0, 0, 0, 698, 1864, 3757, 5377, 7167, 8688, 10010, 11840, 10051, 7541, 4829, 3629, 1827, 294, 148, 0, 0, 0, 0]  energia max 11840 alle ore 12
102 [ , 0, 0, 0, 0, 0, 694, 2696, 5012, 7253, 9211, 10694, 11547, 11759, 11234, 10118, 8455, 6408, 4150, 1932, 253, 0, 0, 0, 0]  energia max 11759 alle ore 12
103 [ , 0, 0, 0, 0, 0, 337, 1449, 4725, 6920, 5477, 10213, 7318, 2976, 992, 6210, 8121, 3337, 660, 106, 40, 0, 0, 0, 0]  energia max 10213 alle ore 10
104 [ , 0, 0, 0, 0, 0, 569, 2486, 4766, 6989, 7503, 10301, 11182, 11438, 10952, 9873, 8230, 6165, 2996, 1456, 133, 0, 0, 0, 0]  energia max 11438 alle ore 12
105 [ , 0, 0, 0, 0, 0, 484, 2333, 4579, 6788, 8702, 10152, 11016, 11230, 10831, 9741, 8120, 6103, 3863, 1708, 145, 0, 0, 0, 0]  energia max 11230 alle ore 12
106 [ , 0, 0, 0, 0, 0, 227, 2164, 2553, 6469, 8363, 9781, 10663, 10904, 10514, 9456, 7859, 4887, 2695, 1542, 92, 0, 0, 0, 0]  energia max 10904 alle ore 12
107 [ , 0, 0, 0, 0, 0, 378, 2182, 4443, 3297, 4526, 5496, 11068, 11292, 10833, 9736, 7269, 5984, 3710, 1538, 0, 0, 0, 0, 0]  energia max 11292 alle ore 12
108 [ , 0, 0, 0, 0, 0, 363, 1592, 3676, 5571, 8544, 10049, 10943, 11163, 10612, 9499, 7855, 5821, 3603, 1470, 0, 0, 0, 0, 0]  energia max 11163 alle ore 12
109 [ , 0, 0, 0, 0, 0, 324, 2122, 4390, 6599, 8530, 9948, 10788, 10982, 10418, 9269, 4973, 559, 183, 79, 0, 0, 0, 0, 0]  energia max 10982 alle ore 12
110 [ , 0, 0, 0, 0, 0, 256, 1998, 4217, 6445, 8377, 9880, 10769, 7005, 10398, 9285, 7635, 5584, 3344, 1228, 0, 0, 0, 0, 0]  energia max 10769 alle ore 11
111 [ , 0, 0, 0, 0, 0, 272, 2088, 4385, 6664, 8623, 10035, 10913, 11130, 10619, 9450, 7752, 5639, 3347, 701, 0, 0, 0, 0, 0]  energia max 11130 alle ore 12
112 [ , 0, 0, 0, 0, 0, 231, 2016, 4354, 6655, 8624, 9989, 9219, 9575, 10521, 9338, 7624, 3317, 172, 67, 0, 0, 0, 0, 0]  energia max 10521 alle ore 13
113 [ , 0, 0, 0, 0, 0, 68, 794, 898, 3253, 5232, 10147, 9660, 11266, 10840, 9690, 7964, 5807, 3451, 1198, 0, 0, 0, 0, 0]  energia max 11266 alle ore 12
114 [ , 0, 0, 0, 0, 0, 150, 1901, 4218, 6516, 8525, 10060, 10942, 11113, 10594, 9422, 7683, 5543, 3214, 1042, 0, 0, 0, 0, 0]  energia max 11113 alle ore 12
115 [ , 0, 0, 0, 0, 0, 81, 1674, 3913, 6161, 8131, 9674, 10578, 10791, 10267, 9095, 7369, 5250, 2969, 880, 0, 0, 0, 0, 0]  energia max 10791 alle ore 12
116 [ , 0, 0, 0, 0, 0, 0, 1708, 3991, 6240, 8197, 9677, 10550, 10732, 10185, 9032, 7328, 5222, 2942, 837, 0, 0, 0, 0, 0]  energia max 10732 alle ore 12
117 [ , 0, 0, 0, 0, 0, 0, 1552, 3776, 5996, 7921, 9411, 10236, 10402, 9788, 8626, 5391, 2522, 1603, 384, 0, 0, 0, 0, 0]  energia max 10402 alle ore 12
118 [ , 0, 0, 0, 0, 0, 0, 81, 857, 1304, 801, 880, 10159, 10365, 9913, 1454, 6944, 594, 1342, 340, 0, 0, 0, 0, 0]  energia max 10365 alle ore 12
119 [ , 0, 0, 0, 0, 0, 0, 1666, 4110, 6527, 8615, 10177, 11087, 11227, 10645, 9412, 7562, 5305, 2845, 639, 0, 0, 0, 0, 0]  energia max 11227 alle ore 12
120 [ , 0, 0, 0, 0, 0, 0, 1439, 3757, 6046, 8040, 9530, 8610, 10508, 9879, 7011, 5591, 4694, 2401, 443, 0, 0, 0, 0, 0]  energia max 10508 alle ore 12
121 [ , 0, 0, 0, 0, 0, 0, 738, 2328, 3961, 5377, 7028, 8728, 6969, 4949, 575, 928, 2757, 991, 149, 0, 0, 0, 0, 0]  energia max 8728 alle ore 11
122 [ , 0, 0, 0, 0, 0, 0, 125, 152, 1350, 713, 875, 791, 804, 899, 5219, 6137, 4565, 2195, 275, 0, 0, 0, 0, 0]  energia max 6137 alle ore 15
123 [ , 0, 0, 0, 0, 0, 0, 1245, 3563, 5899, 7930, 9454, 10321, 10453, 9879, 8605, 6769, 4524, 2161, 256, 0, 0, 0, 0, 0]  energia max 10453 alle ore 12
124 [ , 0, 0, 0, 0, 0, 0, 1139, 3412, 5742, 7751, 9252, 10093, 10201, 9507, 8225, 6391, 4159, 1271, 161, 0, 0, 0, 0, 0]  energia max 10201 alle ore 12
125 [ , 0, 0, 0, 0, 0, 0, 980, 3164, 5455, 7483, 9139, 9984, 10094, 9498, 8226, 6391, 4168, 1872, 122, 0, 0, 0, 0, 0]  energia max 10094 alle ore 12
126 [ , 0, 0, 0, 0, 0, 0, 616, 3206, 5498, 6116, 8916, 9766, 9874, 9218, 7946, 6116, 3930, 1681, 0, 0, 0, 0, 0, 0]  energia max 9874 alle ore 12
127 [ , 0, 0, 0, 0, 0, 0, 832, 2962, 5194, 7128, 8541, 9373, 9491, 8904, 7650, 5291, 3275, 626, 0, 0, 0, 0, 0, 0]  energia max 9491 alle ore 12
128 [ , 0, 0, 0, 0, 0, 0, 740, 2822, 5043, 7001, 8132, 8960, 9088, 8512, 7270, 5504, 3392, 1272, 0, 0, 0, 0, 0, 0]  energia max 9088 alle ore 12
129 [ , 0, 0, 0, 0, 0, 0, 687, 2791, 5020, 6950, 8335, 9142, 9213, 7556, 6162, 4239, 2510, 820, 0, 0, 0, 0, 0, 0]  energia max 9213 alle ore 12
130 [ , 0, 0, 0, 0, 0, 0, 54, 204, 392, 4688, 5761, 4981, 6543, 8495, 7211, 5398, 160, 107, 0, 0, 0, 0, 0, 0]  energia max 8495 alle ore 13
131 [ , 0, 0, 0, 0, 0, 0, 603, 2690, 4937, 6918, 8262, 9104, 9215, 8571, 7258, 5434, 3245, 1074, 0, 0, 0, 0, 0, 0]  energia max 9215 alle ore 12
132 [ , 0, 0, 0, 0, 0, 0, 356, 2556, 2929, 4553, 6399, 6699, 7271, 6923, 5035, 4068, 2347, 716, 0, 0, 0, 0, 0, 0]  energia max 7271 alle ore 12
133 [ , 0, 0, 0, 0, 0, 0, 246, 2593, 5075, 4421, 5599, 9605, 6309, 6424, 7578, 5590, 3252, 948, 0, 0, 0, 0, 0, 0]  energia max 9605 alle ore 11
134 [ , 0, 0, 0, 0, 0, 0, 552, 2868, 5347, 7503, 9064, 9916, 9990, 9220, 7766, 5717, 3296, 895, 0, 0, 0, 0, 0, 0]  energia max 9990 alle ore 12
135 [ , 0, 0, 0, 0, 0, 0, 479, 2722, 5120, 7162, 8632, 9404, 9428, 8694, 7276, 5299, 2978, 721, 0, 0, 0, 0, 0, 0]  energia max 9428 alle ore 12
136 [ , 0, 0, 0, 0, 0, 0, 366, 2455, 2599, 6854, 8314, 9117, 9123, 8410, 6986, 5013, 2714, 553, 0, 0, 0, 0, 0, 0]  energia max 9123 alle ore 12
137 [ , 0, 0, 0, 0, 0, 0, 28, 169, 349, 6803, 8364, 6809, 9223, 5787, 4735, 4183, 2729, 503, 0, 0, 0, 0, 0, 0]  energia max 9223 alle ore 12
138 [ , 0, 0, 0, 0, 0, 0, 267, 2272, 4565, 4621, 8052, 8825, 8876, 8145, 6734, 4784, 2494, 402, 0, 0, 0, 0, 0, 0]  energia max 8876 alle ore 12
139 [ , 0, 0, 0, 0, 0, 0, 154, 139, 318, 497, 454, 743, 522, 674, 331, 207, 110, 41, 0, 0, 0, 0, 0, 0]  energia max 743 alle ore 11
140 [ , 0, 0, 0, 0, 0, 0, 112, 1810, 3958, 5872, 7288, 8051, 8076, 7434, 6055, 4168, 1993, 192, 0, 0, 0, 0, 0, 0]  energia max 8076 alle ore 12
141 [ , 0, 0, 0, 0, 0, 0, 0, 1686, 1077, 1767, 7108, 7838, 5698, 4020, 3645, 1998, 1711, 96, 0, 0, 0, 0, 0, 0]  energia max 7838 alle ore 11
142 [ , 0, 0, 0, 0, 0, 0, 0, 125, 289, 464, 4986, 5752, 6291, 6863, 5532, 3680, 1621, 0, 0, 0, 0, 0, 0, 0]  energia max 6863 alle ore 13
143 [ , 0, 0, 0, 0, 0, 0, 0, 1597, 3743, 5659, 7010, 7711, 7667, 6784, 3797, 3539, 1482, 0, 0, 0, 0, 0, 0, 0]  energia max 7711 alle ore 11
144 [ , 0, 0, 0, 0, 0, 0, 0, 111, 263, 524, 616, 805, 6534, 1646, 695, 259, 96, 0, 0, 0, 0, 0, 0, 0]  energia max 6534 alle ore 12
145 [ , 0, 0, 0, 0, 0, 0, 0, 97, 249, 412, 545, 4767, 4756, 4184, 3158, 1892, 672, 0, 0, 0, 0, 0, 0, 0]  energia max 4767 alle ore 11
146 [ , 0, 0, 0, 0, 0, 0, 0, 784, 3217, 5015, 6317, 6994, 6965, 6310, 4949, 3118, 1140, 0, 0, 0, 0, 0, 0, 0]  energia max 6994 alle ore 11
147 [ , 0, 0, 0, 0, 0, 0, 0, 1339, 3544, 5501, 6955, 7691, 7663, 6883, 5393, 3399, 1217, 0, 0, 0, 0, 0, 0, 0]  energia max 7691 alle ore 11
148 [ , 0, 0, 0, 0, 0, 0, 0, 745, 2115, 5390, 6736, 7388, 7338, 6549, 5140, 3264, 1161, 0, 0, 0, 0, 0, 0, 0]  energia max 7388 alle ore 11
149 [ , 0, 0, 0, 0, 0, 0, 0, 1024, 222, 373, 508, 575, 997, 1242, 1313, 1167, 386, 0, 0, 0, 0, 0, 0, 0]  energia max 1313 alle ore 14
150 [ , 0, 0, 0, 0, 0, 0, 0, 69, 124, 593, 1214, 372, 371, 1085, 206, 124, 69, 0, 0, 0, 0, 0, 0, 0]  energia max 1214 alle ore 10
151 [ , 0, 0, 0, 0, 0, 0, 0, 70, 140, 3071, 4905, 6995, 5363, 3356, 346, 821, 224, 0, 0, 0, 0, 0, 0, 0]  energia max 6995 alle ore 11
152 [ , 0, 0, 0, 0, 0, 0, 0, 70, 139, 223, 305, 359, 1722, 2116, 674, 110, 55, 0, 0, 0, 0, 0, 0, 0]  energia max 2116 alle ore 13
153 [ , 0, 0, 0, 0, 0, 0, 0, 618, 111, 333, 843, 883, 3246, 3343, 1340, 124, 55, 0, 0, 0, 0, 0, 0, 0]  energia max 3343 alle ore 13
154 [ , 0, 0, 0, 0, 0, 0, 0, 56, 2514, 319, 456, 1667, 6291, 564, 1102, 2297, 125, 0, 0, 0, 0, 0, 0, 0]  energia max 6291 alle ore 12
155 [ , 0, 0, 0, 0, 0, 0, 0, 367, 1500, 961, 3729, 6107, 4318, 427, 2307, 152, 390, 0, 0, 0, 0, 0, 0, 0]  energia max 6107 alle ore 11
156 [ , 0, 0, 0, 0, 0, 0, 0, 539, 2428, 308, 431, 498, 1271, 856, 290, 2194, 405, 0, 0, 0, 0, 0, 0, 0]  energia max 2428 alle ore 8
157 [ , 0, 0, 0, 0, 0, 0, 0, 127, 677, 3981, 3480, 3671, 4061, 2650, 1285, 1997, 320, 0, 0, 0, 0, 0, 0, 0]  energia max 4061 alle ore 12
158 [ , 0, 0, 0, 0, 0, 0, 0, 383, 2164, 281, 1540, 1589, 3339, 3544, 1223, 502, 69, 0, 0, 0, 0, 0, 0, 0]  energia max 3544 alle ore 13
159 [ , 0, 0, 0, 0, 0, 0, 0, 357, 2142, 1605, 3433, 3980, 4142, 1310, 1858, 1994, 42, 0, 0, 0, 0, 0, 0, 0]  energia max 4142 alle ore 12
160 [ , 0, 0, 0, 0, 0, 0, 0, 287, 2047, 3901, 5279, 3669, 3340, 2265, 864, 1923, 229, 0, 0, 0, 0, 0, 0, 0]  energia max 5279 alle ore 10
161 [ , 0, 0, 0, 0, 0, 0, 0, 219, 813, 1745, 387, 458, 458, 215, 905, 461, 173, 0, 0, 0, 0, 0, 0, 0]  energia max 1745 alle ore 9
162 [ , 0, 0, 0, 0, 0, 0, 0, 189, 1794, 1682, 4974, 3797, 4152, 3029, 2126, 726, 171, 0, 0, 0, 0, 0, 0, 0]  energia max 4974 alle ore 10
163 [ , 0, 0, 0, 0, 0, 0, 0, 0, 143, 257, 427, 939, 1222, 212, 340, 199, 0, 0, 0, 0, 0, 0, 0, 0]  energia max 1222 alle ore 12
164 [ , 0, 0, 0, 0, 0, 0, 0, 0, 100, 157, 228, 256, 256, 213, 242, 99, 0, 0, 0, 0, 0, 0, 0, 0]  energia max 256 alle ore 11
165 [ , 0, 0, 0, 0, 0, 0, 0, 0, 100, 228, 837, 1554, 3145, 4721, 1242, 539, 0, 0, 0, 0, 0, 0, 0, 0]  energia max 4721 alle ore 13
166 [ , 0, 0, 0, 0, 0, 0, 0, 0, 1573, 3421, 4822, 5593, 3869, 3013, 1702, 793, 0, 0, 0, 0, 0, 0, 0, 0]  energia max 5593 alle ore 11
167 [ , 0, 0, 0, 0, 0, 0, 0, 0, 102, 218, 319, 389, 963, 876, 3290, 1556, 0, 0, 0, 0, 0, 0, 0, 0]  energia max 3290 alle ore 14
168 [ , 0, 0, 0, 0, 0, 0, 0, 0, 1247, 202, 316, 5071, 5146, 4539, 2428, 1117, 0, 0, 0, 0, 0, 0, 0, 0]  energia max 5146 alle ore 12
169 [ , 0, 0, 0, 0, 0, 0, 0, 0, 1200, 2891, 601, 1482, 2086, 4402, 3115, 1467, 0, 0, 0, 0, 0, 0, 0, 0]  energia max 4402 alle ore 13
170 [ , 0, 0, 0, 0, 0, 0, 0, 0, 1158, 187, 673, 2450, 3118, 1710, 3055, 1421, 0, 0, 0, 0, 0, 0, 0, 0]  energia max 3118 alle ore 12
171 [ , 0, 0, 0, 0, 0, 0, 0, 0, 1139, 2875, 4295, 5114, 2290, 311, 3318, 1601, 0, 0, 0, 0, 0, 0, 0, 0]  energia max 5114 alle ore 11
172 [ , 0, 0, 0, 0, 0, 0, 0, 0, 1223, 3115, 4593, 5360, 5431, 4781, 3461, 1706, 0, 0, 0, 0, 0, 0, 0, 0]  energia max 5431 alle ore 12
173 [ , 0, 0, 0, 0, 0, 0, 0, 0, 73, 189, 290, 362, 362, 319, 203, 102, 0, 0, 0, 0, 0, 0, 0, 0]  energia max 362 alle ore 11
174 [ , 0, 0, 0, 0, 0, 0, 0, 0, 1048, 2854, 4331, 5181, 5288, 4652, 3360, 1630, 0, 0, 0, 0, 0, 0, 0, 0]  energia max 5288 alle ore 12
175 [ , 0, 0, 0, 0, 0, 0, 0, 0, 73, 117, 161, 204, 204, 2376, 1809, 102, 0, 0, 0, 0, 0, 0, 0, 0]  energia max 2376 alle ore 13
176 [ , 0, 0, 0, 0, 0, 0, 0, 0, 73, 117, 161, 189, 247, 1326, 218, 102, 0, 0, 0, 0, 0, 0, 0, 0]  energia max 1326 alle ore 13
177 [ , 0, 0, 0, 0, 0, 0, 0, 0, 73, 176, 190, 190, 438, 774, 540, 277, 0, 0, 0, 0, 0, 0, 0, 0]  energia max 774 alle ore 13
178 [ , 0, 0, 0, 0, 0, 0, 0, 0, 58, 173, 274, 346, 633, 1079, 129, 187, 0, 0, 0, 0, 0, 0, 0, 0]  energia max 1079 alle ore 13
179 [ , 0, 0, 0, 0, 0, 0, 0, 0, 58, 173, 288, 201, 372, 915, 673, 115, 0, 0, 0, 0, 0, 0, 0, 0]  energia max 915 alle ore 13
 picco massimo energia  dell'anno 12895 nel giorno 83 alle ore 12 
 picco massimo energia  dell'anno 256 nel giorno 0 alle ore 11 
 energia giornaleira massima dell'anno 111506 nel giorno 83 
 energia giornaliera minima dell'anno 1396 nel giorno 0 


180 [ , 0, 0, 0, 0, 0, 0, 0, 0, 58, 174, 289, 2139, 5526, 4985, 3771, 2074, 304, 0, 0, 0, 0, 0, 0, 0]  energia max 5526 alle ore 12
181 [ , 0, 0, 0, 0, 0, 0, 0, 0, 565, 1339, 4097, 2906, 3437, 4671, 3501, 1876, 273, 0, 0, 0, 0, 0, 0, 0]  energia max 4671 alle ore 13
182 [ , 0, 0, 0, 0, 0, 0, 0, 0, 779, 172, 286, 4723, 2819, 2729, 1445, 242, 129, 0, 0, 0, 0, 0, 0, 0]  energia max 4723 alle ore 11
183 [ , 0, 0, 0, 0, 0, 0, 0, 0, 71, 127, 282, 365, 1209, 210, 239, 678, 28, 0, 0, 0, 0, 0, 0, 0]  energia max 1209 alle ore 12
184 [ , 0, 0, 0, 0, 0, 0, 0, 0, 809, 2593, 4198, 5138, 5394, 4914, 2603, 2106, 286, 0, 0, 0, 0, 0, 0, 0]  energia max 5394 alle ore 12
185 [ , 0, 0, 0, 0, 0, 0, 0, 0, 231, 1540, 2620, 3339, 5443, 5001, 3841, 2200, 449, 0, 0, 0, 0, 0, 0, 0]  energia max 5443 alle ore 12
186 [ , 0, 0, 0, 0, 0, 0, 0, 0, 892, 2713, 4279, 5234, 5511, 2691, 3342, 1762, 232, 0, 0, 0, 0, 0, 0, 0]  energia max 5511 alle ore 12
187 [ , 0, 0, 0, 0, 0, 0, 0, 0, 961, 188, 318, 403, 432, 389, 288, 2359, 580, 0, 0, 0, 0, 0, 0, 0]  energia max 2359 alle ore 15
188 [ , 0, 0, 0, 0, 0, 0, 0, 0, 1121, 3071, 4672, 5652, 5895, 5460, 2276, 1934, 519, 0, 0, 0, 0, 0, 0, 0]  energia max 5895 alle ore 12
189 [ , 0, 0, 0, 0, 0, 0, 0, 0, 974, 2892, 4541, 5609, 5942, 3000, 1216, 172, 158, 0, 0, 0, 0, 0, 0, 0]  energia max 5942 alle ore 12
190 [ , 0, 0, 0, 0, 0, 0, 0, 0, 1101, 3029, 4664, 5699, 4612, 3492, 3074, 1860, 575, 0, 0, 0, 0, 0, 0, 0]  energia max 5699 alle ore 11
191 [ , 0, 0, 0, 0, 0, 0, 0, 0, 1197, 218, 346, 444, 2843, 5650, 4494, 2796, 894, 0, 0, 0, 0, 0, 0, 0]  energia max 5650 alle ore 13
192 [ , 0, 0, 0, 0, 0, 0, 0, 0, 86, 158, 200, 343, 755, 355, 825, 2901, 977, 0, 0, 0, 0, 0, 0, 0]  energia max 2901 alle ore 15
193 [ , 0, 0, 0, 0, 0, 0, 0, 0, 1168, 230, 372, 2296, 1152, 1562, 1789, 2921, 1031, 0, 0, 0, 0, 0, 0, 0]  energia max 2921 alle ore 15
194 [ , 0, 0, 0, 0, 0, 0, 0, 0, 1393, 231, 388, 487, 513, 469, 369, 3236, 1220, 0, 0, 0, 0, 0, 0, 0]  energia max 3236 alle ore 15
195 [ , 0, 0, 0, 0, 0, 0, 0, 0, 100, 171, 270, 340, 368, 340, 256, 171, 100, 0, 0, 0, 0, 0, 0, 0]  energia max 368 alle ore 12
196 [ , 0, 0, 0, 0, 0, 0, 0, 0, 191, 353, 602, 982, 1315, 1195, 888, 597, 321, 0, 0, 0, 0, 0, 0, 0]  energia max 1315 alle ore 12
197 [ , 0, 0, 0, 0, 0, 0, 0, 0, 597, 1246, 1631, 1814, 1740, 1438, 964, 519, 232, 0, 0, 0, 0, 0, 0, 0]  energia max 1814 alle ore 11
198 [ , 0, 0, 0, 0, 0, 0, 0, 0, 131, 247, 391, 491, 533, 489, 374, 245, 130, 0, 0, 0, 0, 0, 0, 0]  energia max 533 alle ore 12
199 [ , 0, 0, 0, 0, 0, 0, 0, 0, 1770, 1037, 443, 3196, 4702, 2521, 5642, 3872, 1752, 0, 0, 0, 0, 0, 0, 0]  energia max 5642 alle ore 14
200 [ , 0, 0, 0, 0, 0, 0, 0, 131, 929, 3969, 5868, 7017, 7351, 6876, 3396, 3893, 1763, 0, 0, 0, 0, 0, 0, 0]  energia max 7351 alle ore 12
201 [ , 0, 0, 0, 0, 0, 0, 0, 58, 700, 1597, 3717, 3809, 4480, 4119, 475, 982, 2150, 189, 0, 0, 0, 0, 0, 0]  energia max 4480 alle ore 12
202 [ , 0, 0, 0, 0, 0, 0, 0, 44, 131, 232, 2150, 3578, 5609, 5920, 4190, 2274, 998, 87, 0, 0, 0, 0, 0, 0]  energia max 5920 alle ore 13
203 [ , 0, 0, 0, 0, 0, 0, 0, 292, 159, 332, 287, 2538, 2160, 829, 601, 329, 403, 86, 0, 0, 0, 0, 0, 0]  energia max 2538 alle ore 11
204 [ , 0, 0, 0, 0, 0, 0, 0, 43, 175, 349, 2263, 3157, 3083, 969, 1244, 2422, 2391, 337, 0, 0, 0, 0, 0, 0]  energia max 3157 alle ore 11
205 [ , 0, 0, 0, 0, 0, 0, 0, 58, 131, 507, 1790, 1571, 1858, 447, 303, 217, 131, 58, 0, 0, 0, 0, 0, 0]  energia max 1858 alle ore 12
206 [ , 0, 0, 0, 0, 0, 0, 0, 58, 205, 395, 321, 687, 848, 482, 350, 219, 131, 58, 0, 0, 0, 0, 0, 0]  energia max 848 alle ore 12
207 [ , 0, 0, 0, 0, 0, 0, 0, 296, 1110, 443, 604, 1031, 1871, 1562, 2449, 1049, 355, 118, 0, 0, 0, 0, 0, 0]  energia max 2449 alle ore 14
208 [ , 0, 0, 0, 0, 0, 0, 0, 851, 3258, 2896, 3338, 2669, 4401, 6026, 4651, 5397, 3006, 657, 0, 0, 0, 0, 0, 0]  energia max 6026 alle ore 13
209 [ , 0, 0, 0, 0, 0, 0, 0, 89, 163, 282, 445, 563, 474, 638, 430, 267, 148, 74, 0, 0, 0, 0, 0, 0]  energia max 638 alle ore 13
210 [ , 0, 0, 0, 0, 0, 0, 0, 296, 2539, 1975, 2135, 3531, 3985, 4116, 2896, 1707, 854, 132, 0, 0, 0, 0, 0, 0]  energia max 4116 alle ore 13
211 [ , 0, 0, 0, 0, 0, 0, 0, 161, 496, 480, 2210, 4635, 4519, 8899, 3293, 1986, 790, 293, 0, 0, 0, 0, 0, 0]  energia max 8899 alle ore 13
212 [ , 0, 0, 0, 0, 0, 0, 0, 419, 172, 299, 1997, 4448, 1424, 2130, 6356, 5537, 2452, 718, 0, 0, 0, 0, 0, 0]  energia max 6356 alle ore 14
213 [ , 0, 0, 0, 0, 0, 0, 0, 1468, 3919, 6179, 7921, 9045, 9360, 7578, 5676, 5729, 3436, 652, 0, 0, 0, 0, 0, 0]  energia max 9360 alle ore 12
214 [ , 0, 0, 0, 0, 0, 0, 0, 100, 185, 327, 680, 621, 874, 564, 437, 296, 254, 383, 0, 0, 0, 0, 0, 0]  energia max 874 alle ore 12
215 [ , 0, 0, 0, 0, 0, 0, 0, 1018, 313, 3325, 5509, 1897, 6403, 6263, 7662, 3998, 1456, 1180, 0, 0, 0, 0, 0, 0]  energia max 7662 alle ore 14
216 [ , 0, 0, 0, 0, 0, 0, 0, 115, 215, 427, 878, 1117, 1261, 610, 483, 313, 285, 85, 0, 0, 0, 0, 0, 0]  energia max 1261 alle ore 12
217 [ , 0, 0, 0, 0, 0, 0, 0, 143, 343, 569, 751, 1062, 877, 835, 1104, 964, 312, 1414, 0, 0, 0, 0, 0, 0]  energia max 1414 alle ore 17
218 [ , 0, 0, 0, 0, 0, 0, 14, 161, 205, 350, 496, 597, 625, 581, 1046, 552, 305, 116, 0, 0, 0, 0, 0, 0]  energia max 1046 alle ore 14
219 [ , 0, 0, 0, 0, 0, 0, 190, 1709, 1947, 7700, 6940, 8497, 11031, 10304, 8939, 6862, 4317, 1729, 0, 0, 0, 0, 0, 0]  energia max 11031 alle ore 12
220 [ , 0, 0, 0, 0, 0, 0, 43, 189, 3106, 5391, 9537, 10634, 10906, 10233, 8894, 6881, 4410, 1814, 0, 0, 0, 0, 0, 0]  energia max 10906 alle ore 12
221 [ , 0, 0, 0, 0, 0, 0, 43, 202, 430, 656, 3557, 6845, 4781, 2340, 5591, 4338, 4185, 1742, 0, 0, 0, 0, 0, 0]  energia max 6845 alle ore 11
222 [ , 0, 0, 0, 0, 0, 0, 259, 2588, 5119, 7403, 9136, 10196, 10472, 9829, 8549, 6611, 4244, 977, 0, 0, 0, 0, 0, 0]  energia max 10472 alle ore 12
223 [ , 0, 0, 0, 0, 0, 0, 57, 212, 436, 699, 529, 1824, 3871, 905, 3444, 642, 2350, 450, 0, 0, 0, 0, 0, 0]  energia max 3871 alle ore 12
224 [ , 0, 0, 0, 0, 0, 0, 428, 128, 297, 494, 647, 1647, 8450, 7360, 1638, 7219, 3366, 1084, 186, 0, 0, 0, 0, 0]  energia max 8450 alle ore 12
225 [ , 0, 0, 0, 0, 0, 0, 935, 3450, 6048, 8304, 9982, 10947, 11099, 9157, 9112, 7167, 3782, 1580, 211, 0, 0, 0, 0, 0]  energia max 11099 alle ore 12
226 [ , 0, 0, 0, 0, 0, 0, 71, 142, 269, 1314, 3504, 2650, 1243, 2955, 4804, 2507, 237, 126, 42, 0, 0, 0, 0, 0]  energia max 4804 alle ore 14
227 [ , 0, 0, 0, 0, 0, 0, 1055, 268, 505, 739, 5776, 8447, 9185, 10458, 7101, 7186, 2980, 2101, 126, 0, 0, 0, 0, 0]  energia max 10458 alle ore 13
228 [ , 0, 0, 0, 0, 0, 0, 629, 2143, 3973, 8342, 10020, 8955, 9853, 10461, 9164, 7286, 4659, 1519, 113, 0, 0, 0, 0, 0]  energia max 10461 alle ore 13
229 [ , 0, 0, 0, 0, 0, 0, 569, 1822, 3479, 6640, 5387, 6880, 4191, 2561, 665, 640, 321, 126, 155, 0, 0, 0, 0, 0]  energia max 6880 alle ore 11
230 [ , 0, 0, 0, 0, 0, 0, 99, 197, 338, 801, 770, 921, 4006, 7795, 4703, 2207, 814, 126, 56, 0, 0, 0, 0, 0]  energia max 7795 alle ore 13
231 [ , 0, 0, 0, 0, 0, 0, 1608, 4135, 6662, 8860, 8887, 9630, 9447, 8834, 9605, 7676, 4162, 2353, 505, 0, 0, 0, 0, 0]  energia max 9630 alle ore 11
232 [ , 0, 0, 0, 0, 0, 0, 761, 3009, 5323, 7359, 9381, 10380, 10576, 10035, 7042, 6897, 4681, 2323, 331, 0, 0, 0, 0, 0]  energia max 10576 alle ore 12
233 [ , 0, 0, 0, 0, 0, 0, 1498, 3851, 6259, 8388, 10018, 10949, 11105, 10630, 9440, 7637, 5341, 2857, 626, 0, 0, 0, 0, 0]  energia max 11105 alle ore 12
234 [ , 0, 0, 0, 0, 0, 0, 2013, 4550, 7029, 9137, 10696, 11596, 11763, 11187, 9863, 7931, 5586, 3049, 766, 0, 0, 0, 0, 0]  energia max 11763 alle ore 12
235 [ , 0, 0, 0, 0, 0, 183, 2143, 4694, 7186, 9291, 10844, 11689, 11785, 11189, 9836, 7913, 5613, 3109, 831, 0, 0, 0, 0, 0]  energia max 11785 alle ore 12
236 [ , 0, 0, 0, 0, 0, 169, 1975, 194, 5533, 7673, 10259, 11112, 11233, 10648, 9366, 7514, 5249, 2879, 751, 0, 0, 0, 0, 0]  energia max 11233 alle ore 12
237 [ , 0, 0, 0, 0, 0, 281, 2293, 4809, 7236, 9284, 10781, 11641, 11754, 10960, 9665, 7816, 5528, 3092, 902, 0, 0, 0, 0, 0]  energia max 11754 alle ore 12
238 [ , 0, 0, 0, 0, 0, 295, 1089, 4637, 6972, 8939, 10606, 11400, 11532, 10937, 9644, 7790, 5497, 3052, 869, 0, 0, 0, 0, 0]  energia max 11532 alle ore 12
239 [ , 0, 0, 0, 0, 0, 452, 2696, 5339, 7835, 9922, 11425, 12293, 5780, 7697, 9376, 6704, 4992, 2805, 808, 0, 0, 0, 0, 0]  energia max 12293 alle ore 11
240 [ , 0, 0, 0, 0, 0, 56, 141, 268, 464, 2815, 3882, 6259, 9591, 7699, 4498, 6194, 5388, 2094, 332, 0, 0, 0, 0, 0]  energia max 9591 alle ore 12
241 [ , 0, 0, 0, 0, 0, 209, 125, 1497, 5751, 9388, 8467, 11869, 6917, 7623, 6032, 4406, 1724, 165, 138, 0, 0, 0, 0, 0]  energia max 11869 alle ore 11
242 [ , 0, 0, 0, 0, 0, 291, 2399, 4736, 5964, 9018, 10496, 11365, 11515, 10787, 9547, 7759, 5583, 3234, 1096, 0, 0, 0, 0, 0]  energia max 11515 alle ore 12
243 [ , 0, 0, 0, 0, 0, 264, 1149, 5135, 7487, 8220, 7981, 8291, 8693, 9464, 9092, 5987, 4829, 259, 96, 0, 0, 0, 0, 0]  energia max 9464 alle ore 13
244 [ , 0, 0, 0, 0, 0, 658, 2719, 3271, 5077, 3862, 3686, 8430, 9519, 9386, 8592, 8269, 5359, 3417, 1358, 0, 0, 0, 0, 0]  energia max 9519 alle ore 12
245 [ , 0, 0, 0, 0, 0, 724, 2796, 5199, 7510, 9478, 10997, 11807, 11952, 11290, 10030, 8224, 6003, 3619, 1403, 0, 0, 0, 0, 0]  energia max 11952 alle ore 12
246 [ , 0, 0, 0, 0, 0, 70, 239, 4024, 8315, 10462, 12039, 10029, 10253, 2336, 4454, 7990, 6701, 4122, 1666, 0, 0, 0, 0, 0]  energia max 12039 alle ore 10
247 [ , 0, 0, 0, 0, 0, 937, 3157, 5678, 5544, 10112, 11563, 9306, 7947, 11946, 7858, 8743, 4493, 206, 97, 0, 0, 0, 0, 0]  energia max 11946 alle ore 13
248 [ , 0, 0, 0, 0, 0, 983, 3168, 5634, 7995, 10014, 11505, 12374, 12500, 11916, 10640, 8787, 5812, 4087, 1737, 0, 0, 0, 0, 0]  energia max 12500 alle ore 12
249 [ , 0, 0, 0, 0, 0, 1020, 3200, 5661, 7976, 7089, 6471, 12327, 12461, 11821, 10563, 8747, 6500, 4062, 1525, 138, 0, 0, 0, 0]  energia max 12461 alle ore 12
250 [ , 0, 0, 0, 0, 0, 585, 250, 484, 716, 918, 1025, 1351, 7708, 5186, 3345, 820, 4201, 2689, 1296, 152, 0, 0, 0, 0]  energia max 7708 alle ore 12
251 [ , 0, 0, 0, 0, 0, 958, 3030, 5356, 7589, 9514, 11075, 11861, 11951, 11557, 10295, 8533, 6336, 3009, 1775, 190, 0, 0, 0, 0]  energia max 11951 alle ore 12
252 [ , 0, 0, 0, 0, 0, 798, 3239, 5580, 7792, 8351, 11110, 10292, 12015, 10323, 9381, 8401, 6250, 3484, 1728, 163, 0, 0, 0, 0]  energia max 12015 alle ore 12
253 [ , 0, 0, 0, 0, 0, 1017, 245, 3953, 3665, 7036, 9128, 10028, 9929, 10078, 9921, 8203, 6111, 3065, 1701, 149, 0, 0, 0, 0]  energia max 10078 alle ore 13
254 [ , 0, 0, 0, 0, 0, 797, 246, 5207, 5482, 7405, 10811, 9492, 8579, 8946, 4109, 5364, 2631, 2477, 1400, 191, 0, 0, 0, 0]  energia max 10811 alle ore 10
255 [ , 0, 0, 0, 0, 0, 1250, 3475, 5916, 8218, 10173, 11517, 12341, 12441, 11823, 10595, 8821, 6636, 4307, 2033, 312, 0, 0, 0, 0]  energia max 12441 alle ore 12
256 [ , 0, 0, 0, 0, 0, 687, 1709, 3809, 6659, 8530, 11041, 10589, 9034, 9953, 9395, 8615, 6511, 3846, 1265, 230, 0, 0, 0, 0]  energia max 11041 alle ore 10
257 [ , 0, 0, 0, 0, 0, 1146, 3220, 5503, 7707, 9621, 7735, 12045, 12179, 11704, 10530, 8775, 6636, 4313, 1162, 245, 0, 0, 0, 0]  energia max 12179 alle ore 12
258 [ , 0, 0, 0, 0, 0, 165, 467, 3202, 6327, 9685, 11303, 12130, 12261, 11716, 8621, 7457, 5823, 1170, 1517, 258, 0, 0, 0, 0]  energia max 12261 alle ore 12
259 [ , 0, 0, 0, 0, 0, 1146, 3179, 5434, 6841, 9490, 11112, 11925, 12048, 11685, 10537, 8836, 6700, 4395, 2174, 406, 0, 0, 0, 0]  energia max 12048 alle ore 12
260 [ , 0, 0, 0, 0, 0, 1107, 3130, 5384, 7555, 9383, 10750, 11529, 11620, 11152, 881, 633, 398, 2748, 1798, 40, 0, 0, 0, 0]  energia max 11620 alle ore 12
261 [ , 0, 0, 0, 0, 0, 1354, 3546, 5925, 8186, 10134, 11542, 12378, 12486, 11934, 8247, 7859, 6858, 3555, 2243, 452, 0, 0, 0, 0]  energia max 12486 alle ore 12
262 [ , 0, 0, 0, 0, 0, 1335, 628, 5874, 8141, 10115, 11650, 12497, 8959, 12146, 8500, 9267, 7111, 4727, 2390, 520, 0, 0, 0, 0]  energia max 12497 alle ore 11
263 [ , 0, 0, 0, 0, 0, 574, 3416, 4730, 6531, 9845, 11247, 12068, 12234, 11684, 10539, 8869, 5427, 4524, 2282, 497, 0, 0, 0, 0]  energia max 12234 alle ore 12
264 [ , 0, 0, 0, 0, 0, 1307, 3432, 3782, 5998, 9955, 11380, 12217, 12409, 11911, 10796, 9122, 7026, 4706, 2426, 554, 0, 0, 0, 0]  energia max 12409 alle ore 12
265 [ , 0, 0, 0, 0, 0, 1319, 3437, 5754, 7958, 9849, 11239, 12043, 12198, 11674, 10546, 8861, 6783, 2463, 796, 241, 0, 0, 0, 0]  energia max 12198 alle ore 12
266 [ , 0, 0, 0, 0, 0, 1297, 3490, 5932, 6803, 10267, 11843, 12706, 12880, 12386, 11233, 9509, 7317, 4932, 2566, 606, 0, 0, 0, 0]  energia max 12880 alle ore 12
267 [ , 0, 0, 0, 0, 0, 83, 152, 318, 511, 2810, 7011, 4905, 12537, 9364, 11184, 9478, 7336, 4939, 2561, 607, 0, 0, 0, 0]  energia max 12537 alle ore 12
268 [ , 0, 0, 0, 0, 0, 1305, 3484, 5876, 8167, 10126, 11579, 12443, 12584, 12092, 10928, 9207, 7073, 242, 609, 136, 0, 0, 0, 0]  energia max 12584 alle ore 12
269 [ , 0, 0, 0, 0, 0, 1305, 3499, 5868, 8106, 10037, 11411, 12210, 7602, 11759, 10614, 8906, 6828, 4553, 2338, 521, 0, 0, 0, 0]  energia max 12210 alle ore 11
270 [ , 0, 0, 0, 0, 0, 1173, 3254, 5589, 7819, 9720, 11085, 11897, 12057, 11545, 10431, 8787, 6733, 4482, 2267, 486, 0, 0, 0, 0]  energia max 12057 alle ore 12
271 [ , 0, 0, 0, 0, 0, 964, 243, 1891, 4606, 3285, 6247, 6936, 8261, 11006, 9937, 5877, 6325, 4156, 2056, 241, 0, 0, 0, 0]  energia max 11006 alle ore 13
272 [ , 0, 0, 0, 0, 0, 1090, 3140, 5459, 7674, 9582, 10959, 11812, 11993, 1097, 8279, 6080, 6612, 3881, 2195, 442, 0, 0, 0, 0]  energia max 11993 alle ore 12
273 [ , 0, 0, 0, 0, 0, 1100, 3192, 5514, 7746, 9656, 11099, 11947, 12119, 11683, 10563, 8901, 6846, 4562, 1847, 509, 0, 0, 0, 0]  energia max 12119 alle ore 12
274 [ , 0, 0, 0, 0, 0, 1035, 3097, 5411, 7654, 9592, 11099, 11953, 12139, 11671, 10562, 8915, 6809, 4527, 2280, 470, 0, 0, 0, 0]  energia max 12139 alle ore 12
275 [ , 0, 0, 0, 0, 0, 68, 150, 447, 405, 604, 3668, 921, 961, 1402, 1163, 789, 3216, 1384, 594, 394, 0, 0, 0, 0]  energia max 3668 alle ore 10
276 [ , 0, 0, 0, 0, 0, 900, 2875, 5147, 7328, 9238, 10694, 11574, 11801, 11410, 10324, 8686, 6646, 4398, 2182, 416, 0, 0, 0, 0]  energia max 11801 alle ore 12
277 [ , 0, 0, 0, 0, 0, 788, 2728, 4960, 7169, 9089, 10599, 11468, 8502, 11129, 10072, 8475, 6467, 4239, 2065, 350, 0, 0, 0, 0]  energia max 11468 alle ore 11
278 [ , 0, 0, 0, 0, 0, 384, 2981, 5358, 7630, 9577, 10983, 11841, 7809, 8881, 10406, 8754, 6670, 4379, 2138, 360, 0, 0, 0, 0]  energia max 11841 alle ore 11
279 [ , 0, 0, 0, 0, 0, 829, 2868, 4012, 5784, 7531, 8576, 11598, 11817, 11345, 10270, 8639, 6620, 4365, 2123, 359, 0, 0, 0, 0]  energia max 11817 alle ore 12
280 [ , 0, 0, 0, 0, 0, 68, 203, 269, 509, 680, 8053, 11239, 9667, 4500, 1401, 5603, 6174, 3964, 1843, 67, 0, 0, 0, 0]  energia max 11239 alle ore 11
281 [ , 0, 0, 0, 0, 0, 287, 1164, 793, 7073, 9116, 10767, 11659, 11891, 11485, 10363, 8679, 6585, 2923, 106, 282, 0, 0, 0, 0]  energia max 11891 alle ore 12
282 [ , 0, 0, 0, 0, 0, 623, 2528, 4797, 7005, 8922, 10226, 8403, 11291, 10891, 9847, 5871, 6275, 4055, 1876, 226, 0, 0, 0, 0]  energia max 11291 alle ore 12
283 [ , 0, 0, 0, 0, 0, 626, 2619, 4926, 7145, 9067, 10659, 11521, 11728, 11233, 10129, 8464, 6401, 4101, 1863, 213, 0, 0, 0, 0]  energia max 11728 alle ore 12
284 [ , 0, 0, 0, 0, 0, 447, 2340, 4549, 6730, 8614, 10072, 10934, 9484, 10557, 9504, 7904, 5924, 3733, 1634, 132, 0, 0, 0, 0]  energia max 10934 alle ore 11
285 [ , 0, 0, 0, 0, 0, 496, 2362, 4601, 6793, 8695, 10137, 11007, 11246, 10668, 9604, 8001, 5975, 3239, 719, 118, 0, 0, 0, 0]  energia max 11246 alle ore 12
286 [ , 0, 0, 0, 0, 0, 362, 2141, 239, 345, 637, 4471, 981, 8022, 8631, 8244, 7933, 5851, 3637, 1506, 80, 0, 0, 0, 0]  energia max 8631 alle ore 13
287 [ , 0, 0, 0, 0, 0, 377, 2171, 4409, 6634, 8581, 10132, 11052, 11278, 10787, 9699, 8054, 5973, 3726, 1550, 0, 0, 0, 0, 0]  energia max 11278 alle ore 12
288 [ , 0, 0, 0, 0, 0, 363, 2188, 2933, 6652, 8542, 9847, 10689, 10896, 10504, 9411, 7789, 5756, 3535, 1267, 0, 0, 0, 0, 0]  energia max 10896 alle ore 12
289 [ , 0, 0, 0, 0, 0, 161, 1967, 2514, 6359, 8284, 9737, 10661, 10903, 10519, 9405, 1756, 499, 171, 185, 0, 0, 0, 0, 0]  energia max 10903 alle ore 12
290 [ , 0, 0, 0, 0, 0, 27, 148, 2044, 5184, 8465, 10123, 11016, 11230, 10769, 9603, 7903, 5800, 2604, 1100, 0, 0, 0, 0, 0]  energia max 11230 alle ore 12
291 [ , 0, 0, 0, 0, 0, 136, 1161, 3201, 5107, 6865, 8140, 7310, 8855, 9250, 8547, 6251, 5718, 2458, 867, 0, 0, 0, 0, 0]  energia max 9250 alle ore 13
292 [ , 0, 0, 0, 0, 0, 41, 109, 217, 2441, 6554, 2546, 2527, 4577, 9087, 7743, 512, 310, 149, 81, 0, 0, 0, 0, 0]  energia max 9087 alle ore 13
293 [ , 0, 0, 0, 0, 0, 163, 1868, 4180, 6491, 8488, 10089, 11002, 11187, 10653, 9500, 7752, 5624, 3298, 1101, 0, 0, 0, 0, 0]  energia max 11187 alle ore 12
294 [ , 0, 0, 0, 0, 0, 136, 1837, 4128, 6380, 8341, 9768, 10616, 10786, 10208, 9059, 7337, 5274, 3026, 921, 0, 0, 0, 0, 0]  energia max 10786 alle ore 12
295 [ , 0, 0, 0, 0, 0, 0, 1672, 3926, 6183, 8154, 9713, 10588, 10801, 10209, 9093, 7398, 5288, 3003, 892, 0, 0, 0, 0, 0]  energia max 10801 alle ore 12
296 [ , 0, 0, 0, 0, 0, 0, 1630, 3880, 6128, 8075, 9430, 10280, 10481, 10036, 6942, 4552, 2494, 2750, 718, 0, 0, 0, 0, 0]  energia max 10481 alle ore 12
297 [ , 0, 0, 0, 0, 0, 0, 1012, 1795, 4996, 7805, 9224, 10086, 10276, 9837, 8655, 6919, 4090, 1931, 493, 0, 0, 0, 0, 0]  energia max 10276 alle ore 12
298 [ , 0, 0, 0, 0, 0, 0, 111, 2355, 6308, 8505, 10163, 11142, 11411, 10831, 9569, 7716, 5428, 2930, 693, 0, 0, 0, 0, 0]  energia max 11411 alle ore 12
299 [ , 0, 0, 0, 0, 0, 0, 1487, 3812, 6170, 8192, 9676, 10537, 10721, 10143, 8903, 7125, 4932, 2591, 513, 0, 0, 0, 0, 0]  energia max 10721 alle ore 12
300 [ , 0, 0, 0, 0, 0, 0, 520, 3561, 5832, 7792, 5044, 8209, 6610, 7988, 6714, 6679, 1899, 2260, 364, 0, 0, 0, 0, 0]  energia max 8209 alle ore 11
301 [ , 0, 0, 0, 0, 0, 0, 82, 178, 341, 5141, 7038, 7203, 6719, 1486, 1270, 2410, 516, 122, 54, 0, 0, 0, 0, 0]  energia max 7203 alle ore 11
302 [ , 0, 0, 0, 0, 0, 0, 97, 276, 5550, 7606, 9430, 10321, 10485, 9936, 8637, 5058, 3535, 2157, 259, 0, 0, 0, 0, 0]  energia max 10485 alle ore 12
303 [ , 0, 0, 0, 0, 0, 0, 1184, 3491, 5816, 7831, 9297, 10150, 10286, 9692, 8426, 6584, 4360, 2050, 202, 0, 0, 0, 0, 0]  energia max 10286 alle ore 12
304 [ , 0, 0, 0, 0, 0, 0, 82, 247, 3378, 4765, 7102, 7560, 3664, 2616, 4239, 354, 191, 95, 96, 0, 0, 0, 0, 0]  energia max 7560 alle ore 11
305 [ , 0, 0, 0, 0, 0, 0, 1030, 3290, 5605, 7620, 9109, 9960, 10065, 9526, 8238, 6389, 3127, 1297, 0, 0, 0, 0, 0, 0]  energia max 10065 alle ore 12
306 [ , 0, 0, 0, 0, 0, 0, 682, 3071, 5299, 7221, 7108, 9463, 8022, 7318, 6665, 5744, 3632, 1478, 0, 0, 0, 0, 0, 0]  energia max 9463 alle ore 11
307 [ , 0, 0, 0, 0, 0, 0, 68, 149, 270, 3609, 5158, 4788, 5186, 4744, 2626, 2413, 819, 94, 0, 0, 0, 0, 0, 0]  energia max 5186 alle ore 12
308 [ , 0, 0, 0, 0, 0, 0, 68, 217, 230, 416, 844, 5077, 9158, 8598, 7360, 5596, 3463, 1280, 0, 0, 0, 0, 0, 0]  energia max 9158 alle ore 12
309 [ , 0, 0, 0, 0, 0, 0, 329, 150, 3121, 4588, 6230, 6934, 5604, 8658, 5667, 1006, 229, 81, 0, 0, 0, 0, 0, 0]  energia max 8658 alle ore 13
310 [ , 0, 0, 0, 0, 0, 0, 617, 1293, 3510, 5530, 6811, 7647, 9004, 8305, 7043, 5267, 3132, 1025, 0, 0, 0, 0, 0, 0]  energia max 9004 alle ore 12
311 [ , 0, 0, 0, 0, 0, 0, 618, 2747, 5016, 6966, 8379, 9161, 9245, 8525, 7201, 5360, 3166, 1002, 0, 0, 0, 0, 0, 0]  energia max 9245 alle ore 12
312 [ , 0, 0, 0, 0, 0, 0, 332, 1745, 3455, 5050, 6266, 6926, 6973, 5376, 4358, 3017, 1589, 895, 0, 0, 0, 0, 0, 0]  energia max 6973 alle ore 12
313 [ , 0, 0, 0, 0, 0, 0, 604, 2928, 5406, 7516, 9021, 9861, 9922, 9192, 7745, 5725, 3312, 918, 0, 0, 0, 0, 0, 0]  energia max 9922 alle ore 12
314 [ , 0, 0, 0, 0, 0, 0, 511, 2757, 5210, 7307, 8819, 9652, 9682, 8933, 7513, 5510, 3153, 823, 0, 0, 0, 0, 0, 0]  energia max 9682 alle ore 12
315 [ , 0, 0, 0, 0, 0, 0, 376, 2410, 4655, 6606, 8092, 8869, 8899, 8243, 6855, 4915, 2683, 577, 0, 0, 0, 0, 0, 0]  energia max 8899 alle ore 12
316 [ , 0, 0, 0, 0, 0, 0, 281, 2211, 347, 539, 703, 786, 787, 748, 389, 1910, 125, 56, 0, 0, 0, 0, 0, 0]  energia max 2211 alle ore 7
317 [ , 0, 0, 0, 0, 0, 0, 298, 2382, 4729, 6757, 8203, 8963, 8974, 8208, 4859, 4800, 2527, 430, 0, 0, 0, 0, 0, 0]  energia max 8974 alle ore 12
318 [ , 0, 0, 0, 0, 0, 0, 254, 2272, 4585, 6552, 6301, 6994, 6919, 5422, 4887, 2521, 974, 151, 0, 0, 0, 0, 0, 0]  energia max 6994 alle ore 11
319 [ , 0, 0, 0, 0, 0, 0, 182, 1987, 613, 2105, 4856, 8171, 8205, 7442, 6044, 2570, 1969, 193, 0, 0, 0, 0, 0, 0]  energia max 8205 alle ore 12
320 [ , 0, 0, 0, 0, 0, 0, 112, 458, 3922, 5828, 7127, 7877, 7917, 7249, 5876, 3997, 1871, 137, 0, 0, 0, 0, 0, 0]  energia max 7917 alle ore 12
321 [ , 0, 0, 0, 0, 0, 0, 0, 1671, 1396, 2101, 4384, 2218, 2581, 2433, 3430, 559, 164, 0, 0, 0, 0, 0, 0, 0]  energia max 4384 alle ore 10
322 [ , 0, 0, 0, 0, 0, 0, 0, 1704, 3888, 5840, 7135, 7892, 7929, 7057, 5658, 3765, 1633, 0, 0, 0, 0, 0, 0, 0]  energia max 7929 alle ore 12
323 [ , 0, 0, 0, 0, 0, 0, 0, 1509, 3639, 5531, 6933, 7688, 4623, 3497, 450, 397, 1432, 0, 0, 0, 0, 0, 0, 0]  energia max 7688 alle ore 11
324 [ , 0, 0, 0, 0, 0, 0, 0, 111, 264, 703, 1222, 643, 629, 561, 2386, 1059, 96, 0, 0, 0, 0, 0, 0, 0]  energia max 2386 alle ore 14
325 [ , 0, 0, 0, 0, 0, 0, 0, 699, 3309, 5143, 6604, 7293, 7274, 6457, 5085, 3234, 1222, 0, 0, 0, 0, 0, 0, 0]  energia max 7293 alle ore 11
326 [ , 0, 0, 0, 0, 0, 0, 0, 98, 250, 415, 1377, 3642, 6954, 3985, 2799, 167, 534, 0, 0, 0, 0, 0, 0, 0]  energia max 6954 alle ore 12
327 [ , 0, 0, 0, 0, 0, 0, 0, 1322, 3516, 5512, 6909, 7623, 7593, 6807, 3422, 1657, 1198, 0, 0, 0, 0, 0, 0, 0]  energia max 7623 alle ore 11
328 [ , 0, 0, 0, 0, 0, 0, 0, 533, 1668, 5160, 6501, 3510, 3487, 4925, 3909, 3050, 1007, 0, 0, 0, 0, 0, 0, 0]  energia max 6501 alle ore 10
329 [ , 0, 0, 0, 0, 0, 0, 0, 195, 458, 759, 1486, 835, 395, 1103, 423, 137, 68, 0, 0, 0, 0, 0, 0, 0]  energia max 1486 alle ore 10
330 [ , 0, 0, 0, 0, 0, 0, 0, 69, 138, 234, 494, 314, 1886, 301, 219, 811, 27, 0, 0, 0, 0, 0, 0, 0]  energia max 1886 alle ore 12
331 [ , 0, 0, 0, 0, 0, 0, 0, 927, 3003, 2793, 6273, 4981, 6878, 3565, 1384, 736, 195, 0, 0, 0, 0, 0, 0, 0]  energia max 6878 alle ore 12
332 [ , 0, 0, 0, 0, 0, 0, 0, 70, 126, 210, 308, 378, 658, 251, 195, 126, 70, 0, 0, 0, 0, 0, 0, 0]  energia max 658 alle ore 12
333 [ , 0, 0, 0, 0, 0, 0, 0, 322, 1353, 2790, 2210, 1529, 495, 893, 206, 235, 97, 0, 0, 0, 0, 0, 0, 0]  energia max 2790 alle ore 9
334 [ , 0, 0, 0, 0, 0, 0, 0, 56, 167, 319, 1382, 1142, 274, 960, 1608, 842, 208, 0, 0, 0, 0, 0, 0, 0]  energia max 1608 alle ore 14
335 [ , 0, 0, 0, 0, 0, 0, 0, 582, 1380, 4331, 5589, 6282, 6270, 5481, 4108, 2271, 445, 0, 0, 0, 0, 0, 0, 0]  energia max 6282 alle ore 11
336 [ , 0, 0, 0, 0, 0, 0, 0, 484, 2320, 308, 432, 472, 470, 415, 277, 2129, 364, 0, 0, 0, 0, 0, 0, 0]  energia max 2320 alle ore 8
337 [ , 0, 0, 0, 0, 0, 0, 0, 42, 141, 279, 403, 1204, 718, 800, 1022, 138, 27, 0, 0, 0, 0, 0, 0, 0]  energia max 1204 alle ore 11
338 [ , 0, 0, 0, 0, 0, 0, 0, 312, 141, 154, 209, 2821, 3452, 4904, 3607, 1883, 253, 0, 0, 0, 0, 0, 0, 0]  energia max 4904 alle ore 13
339 [ , 0, 0, 0, 0, 0, 0, 0, 330, 2151, 1514, 2957, 3009, 3994, 2759, 1594, 539, 271, 0, 0, 0, 0, 0, 0, 0]  energia max 3994 alle ore 12
340 [ , 0, 0, 0, 0, 0, 0, 0, 232, 1921, 272, 5162, 5907, 5915, 5229, 3809, 1950, 231, 0, 0, 0, 0, 0, 0, 0]  energia max 5915 alle ore 12
341 [ , 0, 0, 0, 0, 0, 0, 0, 146, 1695, 262, 391, 462, 461, 375, 259, 130, 189, 0, 0, 0, 0, 0, 0, 0]  energia max 1695 alle ore 8
342 [ , 0, 0, 0, 0, 0, 0, 0, 115, 1553, 243, 356, 710, 425, 354, 241, 113, 14, 0, 0, 0, 0, 0, 0, 0]  energia max 1553 alle ore 8
343 [ , 0, 0, 0, 0, 0, 0, 0, 0, 197, 351, 336, 392, 405, 336, 224, 112, 0, 0, 0, 0, 0, 0, 0, 0]  energia max 405 alle ore 12
344 [ , 0, 0, 0, 0, 0, 0, 0, 0, 775, 1818, 4395, 2602, 5080, 1928, 1446, 625, 0, 0, 0, 0, 0, 0, 0, 0]  energia max 5080 alle ore 12
345 [ , 0, 0, 0, 0, 0, 0, 0, 0, 1647, 3496, 4919, 5687, 5707, 4969, 3586, 1763, 0, 0, 0, 0, 0, 0, 0, 0]  energia max 5707 alle ore 12
346 [ , 0, 0, 0, 0, 0, 0, 0, 0, 528, 803, 1789, 2476, 2324, 1601, 1169, 565, 0, 0, 0, 0, 0, 0, 0, 0]  energia max 2476 alle ore 11
347 [ , 0, 0, 0, 0, 0, 0, 0, 0, 102, 188, 462, 231, 274, 1659, 619, 317, 0, 0, 0, 0, 0, 0, 0, 0]  energia max 1659 alle ore 13
348 [ , 0, 0, 0, 0, 0, 0, 0, 0, 1340, 3140, 4521, 5291, 5329, 4601, 3296, 1565, 0, 0, 0, 0, 0, 0, 0, 0]  energia max 5329 alle ore 12
349 [ , 0, 0, 0, 0, 0, 0, 0, 0, 86, 143, 200, 386, 372, 314, 214, 100, 0, 0, 0, 0, 0, 0, 0, 0]  energia max 386 alle ore 11
350 [ , 0, 0, 0, 0, 0, 0, 0, 0, 389, 1077, 4504, 5306, 5324, 4644, 3333, 1596, 0, 0, 0, 0, 0, 0, 0, 0]  energia max 5324 alle ore 12
351 [ , 0, 0, 0, 0, 0, 0, 0, 0, 1231, 1309, 1860, 982, 1176, 2870, 2394, 1100, 0, 0, 0, 0, 0, 0, 0, 0]  energia max 2870 alle ore 13
352 [ , 0, 0, 0, 0, 0, 0, 0, 0, 1216, 3083, 4569, 5389, 5466, 4792, 3471, 1674, 0, 0, 0, 0, 0, 0, 0, 0]  energia max 5466 alle ore 12
353 [ , 0, 0, 0, 0, 0, 0, 0, 0, 998, 2758, 4253, 5093, 5214, 4591, 3328, 1588, 0, 0, 0, 0, 0, 0, 0, 0]  energia max 5214 alle ore 12
354 [ , 0, 0, 0, 0, 0, 0, 0, 0, 73, 117, 512, 351, 350, 204, 146, 88, 0, 0, 0, 0, 0, 0, 0, 0]  energia max 512 alle ore 10
355 [ , 0, 0, 0, 0, 0, 0, 0, 0, 972, 175, 291, 856, 940, 318, 3331, 1615, 0, 0, 0, 0, 0, 0, 0, 0]  energia max 3331 alle ore 14
356 [ , 0, 0, 0, 0, 0, 0, 0, 0, 820, 175, 277, 832, 1575, 2462, 3162, 1521, 0, 0, 0, 0, 0, 0, 0, 0]  energia max 3162 alle ore 14
357 [ , 0, 0, 0, 0, 0, 0, 0, 0, 101, 203, 318, 2149, 3052, 1955, 733, 331, 0, 0, 0, 0, 0, 0, 0, 0]  energia max 3052 alle ore 12
358 [ , 0, 0, 0, 0, 0, 0, 0, 0, 100, 2576, 272, 384, 1647, 312, 213, 1668, 0, 0, 0, 0, 0, 0, 0, 0]  energia max 2576 alle ore 9
359 [ , 0, 0, 0, 0, 0, 0, 0, 0, 853, 2634, 276, 348, 376, 318, 3393, 1703, 0, 0, 0, 0, 0, 0, 0, 0]  energia max 3393 alle ore 14
 picco massimo energia  dell'anno 12880 nel giorno 266 alle ore 12 
 picco massimo energia  dell'anno 368 nel giorno 349 alle ore 12 
 energia giornaleira massima dell'anno 113767 nel giorno 266 
 energia giornaliera minima dell'anno 1815 nel giorno 349 
